V1	V2	V3	V4	V5	V6	V7	V8	V9	V10	V11	V12	V13	V14
1	0.996669111794828	0.680329028175022	0.971037709022314	0.950248493615616	0.853491230619982	0.736933599476976	0.924153452871346	0.922579084856841	0.919737990515666	0.906601809065756	0.880642838571806	0.821183343859745	0.740967532726167	0.626892190596575
2	0.988786903742506	0.919172751439269	0.977812512944843	0.981949044877166	0.928954389533167	0.978091403040981	0.9783123958803	0.977058951853509	0.976435090582793	0.976674456562871	0.977192298495948	0.976292166959522	0.97407166654342	0.969855620424469
3	0.996462971372866	0.742907919843077	0.988599789273737	0.989669195121388	0.991176196546428	0.978089605390237	0.930597780976827	0.86208275162214	0.765692349710522	0.577161787110379	0.483765706684411	0.52413320482752	0.482093837364211	0.707333700370412
4	0.988939977100633	0.926107159090714	0.979267369782377	0.984155219455386	0.932276239508833	0.978853112938611	0.978842621616407	0.977432756330069	0.976915881758731	0.976926289565056	0.977536417598842	0.976657894214262	0.974463506750323	0.970144794952428
5	0.988678577466309	0.915329857321718	0.979032235246326	0.984285599476514	0.932771706388341	0.978697109778127	0.978931467288946	0.977145170559808	0.97683873536559	0.976779082574383	0.97707643055411	0.976279253031122	0.973966792688975	0.969064146088866
6	0.988689911363224	0.918278402529603	0.979265045913011	0.982610683531439	0.930075811549681	0.97769514341772	0.977917270431195	0.976445760240236	0.975899244297405	0.975945336548345	0.976119495271458	0.975661942536631	0.973726342024038	0.96877542157322
7	0.989211549559137	0.992264314059048	0.991722905010568	0.941131190398231	0.758102841276553	0.555380196724227	0.389021960382263	0.313047136864468	0.748966620789408	0.71290388851083	0.684104242832327	0.963765782453293	0.977009230446488	0.97997008762298
8	0.98852453636587	0.992127884516864	0.991259714692331	0.939994751026917	0.767925276933804	0.597954810728916	0.459074926316286	0.375974777768482	0.707646827946725	0.679384561919424	0.663646525270882	0.960497052800345	0.971593932555699	0.972347313859153
9	0.988548038231943	0.992271107378112	0.991646597519172	0.962806397853568	0.901134989457662	0.86738967964954	0.822821872533555	0.78002306703532	0.827509777174212	0.812523250107804	0.795221934917607	0.714359468915733	0.829662517938347	0.6951680028125
10	0.988898700694331	0.991587834346598	0.991378794077992	0.946412642148871	0.850325610322668	0.80887986079126	0.749844296765784	0.675749285754095	0.562995654997037	0.5049763072065	0.431789178281544	0.398522480271972	0.613323914350115	0.272265016935561
11	0.989273626399178	0.285177597433203	0.38772071066579	0.795669524062935	0.839096828666023	0.884125583171247	0.869485261875339	0.843339403730345	0.858070487747918	0.810764690262101	0.76068529206914	0.599343327990719	0.581208533429289	0.145606176942136
12	0.988774488309418	0.970385147949294	0.943493344619114	0.869353213478923	0.892802269641241	0.920601970720617	0.888331533570846	0.860233789373503	0.875823206884298	0.829004023169269	0.78120606946239	0.633224352538901	0.620652126772797	0.239431617547466
13	0.98867641229503	0.920003218991384	0.977564039790516	0.984219106575408	0.932699566554407	0.978851774383325	0.979068258604967	0.978099584535227	0.977840189623314	0.978061224787163	0.978528158235322	0.97781355556717	0.976306035404184	0.971903900708286
14	0.996622380643841	0.682384222421787	0.968760407960147	0.947846457371009	0.857176335471456	0.745667796843802	0.88415638619619	0.851209218595957	0.801864772488718	0.770569134367488	0.741841739509557	0.706630323236059	0.651298341941349	0.600862900275161
15	0.163392727589721	0.160376306759088	0.987750357906581	0.988752840814555	0.984360282114486	0.975309365130252	0.927943484294993	0.838641221819716	0.660994177529981	0.32785492068971	0.824861811745346	0.859686120037753	0.86546093289067	0.867883672747077
16	0.143559525622814	0.175460121445894	0.987525333044124	0.989618808488141	0.985968108874261	0.977249489059076	0.930862905865068	0.833377043304785	0.654048710001682	0.319422451418258	0.815385353131465	0.849957425112703	0.858047335424231	0.862039465633834
17	0.996508086702489	0.739795260951483	0.98895572716303	0.990362071497725	0.991636014790345	0.982596686314989	0.956042777084871	0.91041369723927	0.833738885608463	0.651005060923526	0.676244023138341	0.645772216818092	0.604219042727982	0.78186846648385
18	0.988372637212334	0.912934727083296	0.978149456296701	0.983010559071405	0.932384741792018	0.977469435496165	0.977825280841837	0.976228816823082	0.976161096370597	0.976345859001756	0.9768337525103	0.976134051066992	0.973860563841844	0.968909328461588
19	0.988791558172637	0.992661118981989	0.992048192624158	0.96170804916246	0.900625538209014	0.867052412944471	0.823205966928312	0.766887972930667	0.737985084826621	0.721112471388422	0.70141359977451	0.67564776132508	0.575242885276933	0.656823612890021
20	0.988575541383911	0.992377539222335	0.991723082195114	0.961841386293252	0.894839664135757	0.862872295036933	0.820372785625295	0.771298708418871	0.816181294188427	0.719840710405005	0.497423128292895	0.233238305280026	1	1
21	0.988803828975027	0.985759727036294	0.981509180407737	0.936561006009989	0.821556962666761	0.734190543328533	0.68938368974274	0.675975600294531	0.67822338061708	0.673466191742195	0.666052150675764	0.644807337945166	0.563574898191379	0.641730978433215
22	0.989039723164674	0.992460342942363	0.991008460783743	0.959473505960104	0.889650412258708	0.862186142546895	0.817750850962983	0.778879685096376	0.833845115405794	0.819142261366799	0.800300262677189	0.720968356900676	0.843066457365507	0.699988427967507
23	0.996493915750386	0.683858315889259	0.969438478413666	0.947693726354257	0.8595058329983	0.750856546796183	0.914157751441678	0.905812953036057	0.899988704537259	0.890077703003754	0.879014499289756	0.855760003961941	0.818864611866011	0.767643777779113
24	0.988662050848512	0.921771579415905	0.978533322555793	0.984714679923829	0.931520377264082	0.979789941425476	0.979502359949586	0.978583335303068	0.978120846319447	0.978085758131054	0.978416987450031	0.978095500779368	0.975876511062985	0.970508007989343
25	0.988812476200696	0.923222549315683	0.977453642732222	0.985033964249085	0.933153960794498	0.9803574975065	0.979990035282385	0.978369034722795	0.977976168848499	0.978005942367776	0.978195745809377	0.977721288824139	0.975591699805368	0.970070557950832
26	0.988714795483029	0.922862731023987	0.977990595724692	0.98413188618447	0.930726342863815	0.980453258449829	0.980361937707909	0.978842528209636	0.97852849546657	0.978667346955155	0.979101045767201	0.978144085669682	0.975809982301783	0.970726005448091
27	0.98857136574328	0.923616637644566	0.976679269175274	0.984494651608847	0.927983455313435	0.979041441889289	0.97901224647559	0.977786404405071	0.977546121754584	0.977641206718631	0.978021397936391	0.977334505616573	0.976204690313814	0.970703574059593
28	0.988440564340472	0.983925551697056	0.977356002998573	0.842503042578787	0.74543251410736	0.476621289148432	-0.00688537774317201	0.840301393878713	0.909108291733849	0.946547874978903	0.961960493574567	0.976960771694705	0.984687656255135	0.991242730755111
29	0.988600636192722	0.820100134962369	0.863567989216705	0.868496885797197	0.763827937491319	0.628573872275733	-0.344429305675143	0.673451064607102	0.808718929576037	0.890921929945725	0.918347868738151	0.945354640641584	0.967060955137232	0.986331613325337
30	0.988954554526208	0.992595670227704	0.991789141014004	0.949837916993915	0.84779899650701	0.807561434568891	0.747166846895556	0.694912035645365	0.651347325074847	0.615683895636593	0.582250059555572	0.391124078759715	0.525555115359486	0.402090825609808
31	0.988845486075103	0.992113956589602	0.991535622193722	0.937851957921521	0.860566071920271	0.840526295746138	0.801357177994626	0.75904456718298	0.818623835487179	0.801073971447613	0.784921914684105	0.697491664310054	0.828851544198446	0.681097736361546
32	0.988627411098489	0.992245675723099	0.992202053351232	0.941725761243519	0.772005187497642	0.58804191462921	0.418336669228996	0.305919572700216	0.77200459820868	0.749876692171953	0.722186054587227	0.802203081110011	0.881160671815121	0.882971611460272
33	0.988917534305909	0.991965420251455	0.991711952530226	0.96010200820476	0.89143352448356	0.857472651123363	0.813959129519669	0.77179479563163	0.825973066583574	0.807730845686129	0.786139209062827	0.699258004672023	0.833860465996588	0.692442130784989
34	0.989001641946137	0.991871259104513	0.991494300817106	0.883470413390725	0.836993972302723	0.812212425725711	0.737616147667179	0.641860731262151	0.458947826744294	0.356540779069283	0.231791012843806	-0.19501866438852	0.588408300577492	0.548007869370429
35	0.996549067509338	0.712567954192365	0.457600849661423	0.439662591252205	0.502622304155581	0.544725355317628	0.84923574681606	0.873882234093713	0.884433829519079	0.880036417490787	0.874425520466795	0.84465267898034	0.801422363187441	0.742355606976025
36	0.99684483892502	0.68863496438621	0.969939964322578	0.949857592456007	0.855673317817972	0.747633937319339	0.927442708317465	0.924331111644487	0.920897975489319	0.909571650571051	0.888609551200081	0.838743591070894	0.779544668581588	0.697512797237427
37	0.996668255174704	0.748625692685525	0.988948195201959	0.989555303322039	0.989218697554565	0.969751457059746	0.910308202884597	0.818868645408106	0.703934129322174	0.553312943721205	0.532196230403265	0.500627598757983	0.461151869228747	0.947614564349569
38	0.996480797038082	0.738145173323792	0.988847776946531	0.989179619732267	0.989981744821047	0.979253097206205	0.932262777139009	0.860898656599358	0.761867107316248	0.578382707760624	0.458556858031962	0.507980172439533	0.470593731562272	0.702649791393225
39	0.996484403251338	0.744402739881063	0.988670836370859	0.989617694324915	0.990170791817078	0.977575610145114	0.930386008877948	0.856687924402957	0.747063381706353	0.554069845329114	0.42069696217185	0.479018662021715	0.442252423545067	0.663345029410303
40	0.98859341754498	0.871181862146885	0.894878633632475	0.688466778358251	0.49979647812218	0.326951205209588	0.492722672173036	0.686367480501721	0.747156864559681	0.784195064531974	0.810375709207486	0.829518944372758	0.853064968711529	0.872070126452684
41	0.996520911667899	0.744167303295024	0.988813026909204	0.989219099310545	0.991045630221285	0.983024562138419	0.956329132201874	0.911076000864168	0.834787234231035	0.657779260643365	0.669009641084253	0.636130373998923	0.594031647095028	0.782662082800037
42	0.996522613067871	0.746099120362898	0.98848722375102	0.989037656469459	0.991121692111066	0.982766641350486	0.953355432012839	0.904414215911305	0.833156025478387	0.649767015425401	0.667959563106839	0.639110466699266	0.604893796830379	0.78287997600737
43	0.988922046027686	0.99247845547323	0.991661203348315	0.941948631282789	0.864053025827907	0.835531779742988	0.767307361918296	0.696954211144487	0.716754484467472	0.658494739506511	0.602694763499837	0.146404103981527	0.431435074567329	0.39325953265357
44	0.988894337995928	0.991823945062362	0.99120501004909	0.8594287795913	0.863007110874851	0.911431892725605	0.907674249298341	0.896465301146936	0.935995309274605	0.926515341915431	0.916239614380522	0.900487163810635	0.86909311308298	0.826146858019552
45	0.988671054054741	0.991890445885755	0.991602232807747	0.961420241908593	0.897727976616807	0.863686848951468	0.821391084645045	0.770876219256896	0.748646129245466	0.731050345265365	0.71315533685354	0.683890165367952	0.618438969668869	0.671166342665471
46	0.987939521570557	0.99916915930674	0.997917680791173	0.985417883689047	0.94234824655929	0.91703870547572	0.873702120337186	0.829588046978969	0.888159211059772	0.864534507663157	0.843379879722707	0.776608933019544	0.893882874398609	0.766020122422409
47	0.988874125676067	0.992643014037678	0.991990714393512	0.946788580675114	0.779243179772943	0.605045640379416	0.441885178743584	0.3332714375374	0.67141383781996	0.594509261903439	0.522753228035259	-0.262471917576837	0.473388855770124	-0.0992475918075139
48	0.98876217226254	0.991932172210692	0.991714609116381	0.945901561633559	0.857008489313323	0.816316074598529	0.749662539967454	0.678917134959972	0.563458389586231	0.504952661701652	0.441271372953184	0.41543387411464	0.602490562953487	0.281179177188758
49	0.988846021992491	0.99175531035207	0.991575062880835	0.960663614880762	0.895785259525123	0.86208669048384	0.821564501751924	0.755368504586878	0.719192073162989	0.70006851549073	0.683119810537891	0.662097030261206	0.52517277013236	0.64560313701975
50	0.988921535250572	0.991889233792652	0.991848268489899	0.963663227629219	0.899707068272049	0.868619199957207	0.829196905279411	0.773578031892394	0.768271573608356	0.749585938825472	0.728222438222526	0.693526536565246	0.666971759150717	0.684188892698526
51	0.988729184017244	0.992364396710106	0.991507245640239	0.961844680575898	0.892199402242202	0.8576589443329	0.813025659854982	0.769914575218561	0.824388301101445	0.806651584468702	0.784181731967388	0.696668873365722	0.828415632892387	0.685923771062457
52	0.988874302557116	0.991696428404423	0.991285462246679	0.958033962614171	0.889135024143903	0.851865417952963	0.810911542001121	0.764016051759341	0.821638760251709	0.800374932903142	0.782717124861029	0.694705948325423	0.828708131357865	0.685838518104991
53	0.98872126618807	0.992429830204456	0.991882945058144	0.961096097880156	0.899248133366228	0.865128598304064	0.822950416586003	0.781224723935801	0.833432191159753	0.818739556030958	0.797423000016441	0.716781884806246	0.841202550452198	0.707551379478313
54	0.98908335582442	0.991852057150097	0.991090466863852	0.961843143761467	0.897146650663922	0.869748141980824	0.825632727625575	0.778628746854286	0.766689180919809	0.746875981705253	0.727548590542253	0.694111977605008	0.638407623738571	0.684703861214092
55	0.988611880624005	0.991742073584389	0.991403391266241	0.961611626810226	0.89723192899677	0.866972792081536	0.829068388796031	0.770790969971359	0.752230208130011	0.737491394362722	0.720649075753946	0.689724112680484	0.627396178480345	0.681764932334774
56	0.988539552017853	0.991637041097786	0.991189089287327	0.95870772275391	0.888791494237508	0.854368054074989	0.813718759312488	0.772068652277292	0.821943990345229	0.806417242327064	0.785803224319222	0.698096317310789	0.832131392927088	0.6887740038571
57	0.988225942484924	0.991749079146094	0.991421785465045	0.957860535425226	0.88615725415407	0.85169282326307	0.80784068725151	0.763231389468983	0.819278147398958	0.800058543320528	0.778892052370372	0.693008096446185	0.82875117308851	0.68773166389012
58	0.988828087101663	0.991885086573786	0.991451637137371	0.961710620542078	0.889251548938112	0.853166320310575	0.813471626463845	0.767887957332398	0.817640148391489	0.79615081141734	0.7732043511321	0.683612016185489	0.80860943357596	0.680249119157535
59	0.988831337529867	0.991846868702595	0.991505751684614	0.96426112211376	0.900055237590398	0.873363005278346	0.832317973349936	0.782464545433944	0.785720409369095	0.766480477718273	0.741573586894408	0.70433261259152	0.69775872399744	0.701196309151122
60	0.98873723786621	0.991890790643671	0.991249277087137	0.962283190280628	0.89913396356249	0.865897684668757	0.821822857971319	0.763699333778391	0.731695486744787	0.707930570460772	0.6854083112499	0.663627501570341	0.527731988953651	0.6441730460111
61	0.988465615633786	0.992680218021133	0.99203721201524	0.960080343733727	0.894688482373509	0.86499861500485	0.824231237780184	0.768891940186627	0.751389590825068	0.73514575638875	0.714520462971524	0.682634175270345	0.617483957254834	0.680200581082169
62	0.988717556101306	0.992523180379318	0.991785197816689	0.960869739743486	0.893399563655024	0.863740683796779	0.825740602753019	0.778647958045161	0.83308583569511	0.815965766469976	0.793865276036309	0.71272160116394	0.842867285499067	0.703740640395751
63	0.98858247097027	0.992218121060353	0.991637010255569	0.959466514726527	0.887094473887072	0.846843216803384	0.805556712577586	0.763858553010881	0.817383397232308	0.796375649579682	0.777626804619307	0.686438405025647	0.821842841593984	0.681208956037715
64	0.988662845567851	0.992562515614875	0.991723667133641	0.962735429388906	0.893807103811304	0.859257277037767	0.819215045113603	0.776893344602728	0.831164699662881	0.814110655240439	0.791036068650194	0.704763760187559	0.803675231996159	0.595048151154305
65	0.988402859173525	0.992064930775462	0.991780963241226	0.962601121050017	0.89781945117146	0.867976034388159	0.824993575519921	0.782560989793857	0.833309816644287	0.815025616957672	0.794431146195872	0.7083702547175	0.809308071189623	0.593959175501361
66	0.988923293439046	0.99259016486358	0.991803543185821	0.961455872351693	0.89154395425957	0.856559635993407	0.791972482508148	0.720896641063325	0.721876304599903	0.666149133152016	0.601697800417924	0.360463574808012	-0.0656794681322754	0.33356290630909
67	0.988640075336219	0.992312671072802	0.991429867267679	0.958703043165904	0.897406142086323	0.863382656799847	0.821016373741582	0.763681890756208	0.737912920299088	0.717697344250187	0.702561209125853	0.678808433727515	0.603359198435618	0.672643944956084
68	0.988493659219251	0.992207447395753	0.991698463386558	0.962141041429913	0.893018829369564	0.857949441629537	0.814612113311755	0.772862274002625	0.830690928513534	0.813903995066302	0.794028601025872	0.707790454712397	0.834283040157938	0.695972688363634
69	0.98876691414294	0.991770521193802	0.991795079438451	0.961182914039213	0.88658446131975	0.850104157877801	0.81005642856822	0.768048627665464	0.8239702506419	0.804580725725169	0.784698291822037	0.696926066745356	0.825252720847555	0.686761611997775
70	0.988535833898023	0.991717099289747	0.991212657543196	0.960900584625373	0.887937711686862	0.854875937421848	0.81257733032344	0.763871402525797	0.81909291674399	0.801659969365264	0.781681465031764	0.692307547281501	0.827308022875366	0.681225444599387
71	0.988792766570285	0.99206530489173	0.991410395380146	0.960202094321994	0.897804160881471	0.86008555089813	0.79415487548746	0.705766199429005	0.592868881172838	0.524418094336946	0.441728786140958	0.398614299696462	0.619350090290973	0.27267784959686
72	0.988599087212856	0.992148677883316	0.99144680792718	0.960955905007214	0.898063542149491	0.865119182162845	0.801022292283615	0.705247945943816	0.575643274733136	0.499401897341655	0.416306278763975	0.379234639047005	0.624509381935034	0.268484542022331
73	0.988598832908634	0.992453686030599	0.99159938206282	0.961698652104058	0.89955386643704	0.865447145849732	0.795297548718656	0.701721450959924	0.581210061060409	0.490955662449299	0.395387539695291	0.329767748519598	0.680147605172611	0.189019899869668
74	0.988664410435977	0.992152218361093	0.991451522049857	0.958564733595646	0.89050817952602	0.856395565592713	0.812280601807182	0.749874465986292	0.702197399060216	0.680619591201175	0.66118584048959	0.648964206025498	0.502774396385298	0.642282466926947
75	0.989218831615341	0.991789092777663	0.991325606324749	0.960982979171941	0.894701114988932	0.858776180178289	0.796484326061611	0.709426978099071	0.597699880545092	0.509039541284685	0.428118990350951	0.378248679505211	0.631376323508521	0.253249601414144
76	0.988679098601939	0.992451753583751	0.991998934041521	0.962281565647977	0.8990577800378	0.873502817448861	0.829081579842918	0.772112245029799	0.764900886423159	0.740812860006509	0.718344344357228	0.690856243479228	0.642449440028877	0.67928382677586
77	0.988393431031521	0.992275699991813	0.991475501580216	0.961326856732116	0.892671646036083	0.855099089167331	0.816789364525441	0.77218825162302	0.824640444093574	0.807329958362961	0.787890862635089	0.703851368323977	0.83267067125487	0.690685501265362
78	0.988609339774697	0.991577955514299	0.991530838445435	0.959839318640553	0.890341986870918	0.859333417796639	0.812435209709746	0.767484901526912	0.815578925310682	0.79714744597612	0.777832582684272	0.690861973320841	0.825237972147612	0.681792797569346
79	0.988531380105001	0.99221997533586	0.991788075315517	0.959749690365616	0.895318538437003	0.86125416176931	0.817294165278135	0.770646398088285	0.824225036375858	0.803310632310716	0.783662819270484	0.696998306342526	0.830908716984221	0.68639059778115
80	0.988496219199564	0.992247019983512	0.991714197743144	0.96337284716766	0.906145168198783	0.872246366880012	0.825756115610222	0.772858872558992	0.763168178920414	0.742168942936945	0.715306218393028	0.686811834151593	0.630248545971359	0.670285170807039
81	0.988984089306839	0.992087005431394	0.99159864877495	0.961101096428658	0.8975823327643	0.872052577104596	0.82572884769421	0.771757484627326	0.745485602830677	0.730389174106091	0.708733353766021	0.678104379685153	0.615579570189652	0.6743822720303
82	0.988926027567501	0.992423011574932	0.992250301235648	0.951420670958043	0.862523156767942	0.818821011816296	0.737462842292467	0.635501561181792	0.460346358203074	0.348232273671128	0.231027576927685	-0.0232257062716556	0.681616097763072	-0.231761529381742
83	0.988554162702852	0.992506925867821	0.992023219005052	0.960291255430761	0.898951602145499	0.865909683802522	0.79847565666204	0.703685512610248	0.576578180707271	0.495667948411435	0.393413204028955	0.325215667479478	0.676020289304711	0.17814557912257
84	0.988840574703975	0.991888846270787	0.991186887308379	0.960636284025036	0.89356796786928	0.870562601064232	0.824777589993252	0.771598358456004	0.758191452075794	0.73535980246817	0.714499318321199	0.686666354690142	0.608717064442577	0.668073144299774
85	0.989076157944628	0.991880754935258	0.991085207405493	0.961954240536024	0.892521636308427	0.853213987278791	0.810939136573734	0.766512294222275	0.820069510906904	0.800587312477979	0.778310458358109	0.687420928043206	0.824807747925168	0.680960352225876
86	0.988895563079019	0.992123021550054	0.99137709397283	0.961991499637757	0.893809927959901	0.862827293069075	0.819986399531145	0.775869207430254	0.835240560690616	0.816633724941516	0.793958874184845	0.709964852353625	0.840180668070156	0.699571289146956
87	0.989184113190848	0.992360920826889	0.991897755322525	0.959068274532788	0.896809501608272	0.871446604229785	0.826517496340043	0.772410068381187	0.767662762476091	0.745022635620468	0.726565528304966	0.694618139902768	0.661277358399252	0.6831423071636
88	0.988822450501097	0.992065413577502	0.991437024157267	0.963186599622998	0.895903220293681	0.854894255673962	0.813517304678761	0.773931638618422	0.825519473462618	0.803935008955038	0.790346000025395	0.705711170114229	0.83518055447721	0.691352179117376
89	0.988743300415848	0.991959659140785	0.991373881968833	0.959540330483062	0.893938035176041	0.859403675458025	0.804028533802624	0.716454648265252	0.597800887146285	0.525711967791536	0.447224165857681	0.415277690715355	0.597054584192575	0.289071566771303
90	0.988752116676762	0.991944109593923	0.991616345827707	0.961328382460159	0.892831428901053	0.856526470739105	0.810383125815239	0.765165877207411	0.829953832089526	0.808516239676518	0.788738815112583	0.696258307285601	0.834606639604212	0.689685773730952
91	0.988816884952748	0.992089392572549	0.991575526806405	0.960883774669079	0.893091347028613	0.858355253406363	0.818776240190129	0.775982324426075	0.831240505121515	0.811559369740302	0.79288734355695	0.705935829833288	0.837208765513806	0.697968527462236
92	0.988770472508726	0.991694309865648	0.9916575155845	0.958891875667244	0.891837714353708	0.858574959598224	0.815529376283532	0.765709533953121	0.821304432077158	0.80326471148152	0.785219741622886	0.699807819604795	0.830037958167004	0.687532900682546
93	0.988757901627219	0.992119149452951	0.991580002335227	0.96102635002455	0.891981283810801	0.858721401193828	0.815289026857416	0.773353084406322	0.828197525414718	0.811482887218889	0.788735174795501	0.706892566622149	0.837554673038491	0.695069842586532
94	0.988857823326523	0.992371660675385	0.991633262915876	0.960265771229975	0.894850458430922	0.859183422082685	0.796737052275044	0.721569686508796	0.607075483017463	0.535634584644299	0.464677534129484	0.432202055203764	0.585363120175581	0.303835764838564
95	0.989023809944535	0.992310549878841	0.991595487395706	0.960584680399092	0.896802997661258	0.864354728178554	0.822854612655795	0.77617665666172	0.824779644129559	0.805161941788135	0.786800178989002	0.699675132802653	0.83111212069445	0.688024671791271
96	0.989085907978906	0.991561298090114	0.991293279105463	0.959498102865562	0.893782718493971	0.859777692945667	0.814261650321913	0.757580454166124	0.727271348747802	0.701918143721232	0.683184143580755	0.660180792895109	0.509166802585551	0.638983244538911
97	0.989113809672514	0.991902763677593	0.991645101767172	0.962448809910364	0.894500323096841	0.859999039624995	0.817809776764329	0.777163916831167	0.832735215518806	0.814145013908118	0.794637181052398	0.710137421603161	0.838073885291151	0.695432092208434
98	0.988919800312826	0.991879759514671	0.990964703763161	0.956992130375797	0.815736724007527	0.654116998650107	0.495578164949587	0.371709575374551	0.595073799831417	0.53877854835068	0.464629620112563	-0.383324378972871	0.653485263858081	-0.269833450115914
99	0.988855543136937	0.991999944775029	0.991778921245409	0.95662688149701	0.880863537962759	0.850795568949336	0.807959581412031	0.761470038456519	0.817276457797709	0.798709426289032	0.778047341688665	0.688574760398846	0.827366174536613	0.67982567037111
100	0.988990689458748	0.992167182787862	0.992186203044616	0.958458491560865	0.881895943191347	0.838959909318431	0.794156659831249	0.747557274616837	0.808899624355935	0.788653059200843	0.771381833693811	0.666647078173157	0.817625711647589	0.66835303118664
101	0.988832386731009	0.992281674775708	0.991614452017619	0.960828693959767	0.897312112816127	0.865339292876832	0.827734041157189	0.769347010519835	0.754680178056316	0.736131662493477	0.718516920898391	0.687670744529366	0.618931865419565	0.679140953715803
102	0.988697916205896	0.991766630304832	0.99142060008691	0.962179286424734	0.893631070916421	0.858533688872722	0.816802068500515	0.76980398671022	0.825922963369283	0.810125288161545	0.790391151450329	0.700929670967464	0.830060174729478	0.688834300080566
103	0.988799014898488	0.96075183559369	0.90907891626925	0.841345090191453	0.59857026744964	0.290300789281438	0.344480206501222	0.60177410100728	0.621201843454149	0.639727413500361	0.663032486011287	0.679794407890635	0.690825657437539	0.714137405637653
104	0.988734885187316	0.991821141598807	0.991606518145973	0.937932163351844	0.820714785116448	0.73746676574821	0.689306637867443	0.668331092225816	0.667816040907463	0.660766790777616	0.659104405538436	0.635320486594324	0.556538398353659	0.637256172363555
105	0.996629451424873	0.668623735478962	0.971129200230247	0.949663382764294	0.855639875303454	0.747589827755261	0.9340970029931	0.93336187468664	0.929180263598447	0.920449312639429	0.909239385951787	0.882135993229066	0.844344487660751	0.789839017727503
106	0.988731795760349	0.992436355430507	0.992027544749072	0.953543237289268	0.830955102476475	0.587709898618006	-0.174426888510573	0.832277300979455	0.91017638122971	0.943353079946478	0.956743946309691	0.979038455647897	0.987469086501979	0.995606005017113
107	0.996628539184567	0.711902550635971	0.0856432069986703	0.0151412762120941	0.135756979573786	0.204757033113468	0.74570612768205	0.833620165935444	0.864542839664423	0.878121927779317	0.883487695778209	0.859723777632137	0.819205607578253	0.768650301879809
108	0.989073389785055	0.990142599122249	0.987257046865677	0.853968187845678	0.558468926929932	0.665309025539036	0.69272753001782	0.773668015961435	0.851021275041808	0.831342361206276	0.85761095645123	0.90386750738865	0.843112481658342	0.899159356434282
109	0.996737610344782	0.690054586019959	0.969814822126452	0.949963774897693	0.86541042197399	0.759612111191803	0.928928013557771	0.925764398561944	0.921142806327973	0.913509005839638	0.901967238633252	0.875379411528231	0.832535636612404	0.777738240921229
110	0.989149749851711	0.665850320498059	0.74060625863883	0.71114844180748	0.536295842266058	0.422166974757624	0.540723226425062	0.710304751764528	0.855014543626722	0.924300159084306	0.941095823958141	0.965470742893831	0.977865152893608	0.988409651220942
111	0.996817511966591	0.678160237093795	0.970053655080628	0.951511593810974	0.860012274682666	0.753869564109724	0.925443303552739	0.92377562454063	0.917482950357432	0.898608547681772	0.839374262052739	0.700487873500942	0.504144851609221	0.319477569610186
112	0.988747081062589	0.992030637746069	0.991611433009836	0.963460010762917	0.895204986769644	0.862611338432659	0.818792587446583	0.772225398609691	0.826967983972557	0.806461597417015	0.787393241860137	0.698073311702698	0.830280451273541	0.680652029615531
113	0.988592178928836	0.992090708928842	0.991505359794225	0.960813663612034	0.892345234031605	0.85867592255903	0.811691375276502	0.761465361923587	0.811850142294093	0.795324017596064	0.774683941333466	0.683590559497911	0.819426394992507	0.671503448108218
114	0.988621337450162	0.992100353849943	0.991801396410791	0.961059275345492	0.891342577799287	0.860383557208284	0.816244273869549	0.771756747730959	0.818998520828937	0.805691024342023	0.784839479080216	0.702968572002869	0.83311090264221	0.682878504249553
115	0.988585911439992	0.992322291038764	0.991696420493491	0.96147679817844	0.894099373988311	0.857657407645047	0.817353015730732	0.772192376921181	0.828296398076092	0.811119013165597	0.791403037025495	0.706779581060541	0.834431069067025	0.692833296355241
116	0.99661229634883	0.740905980325544	0.988614342994607	0.988799527054306	0.98938178022269	0.976523985183223	0.928358815558083	0.856713826942366	0.755437845370875	0.58186719957751	0.476865237784423	0.516098525652627	0.480446335731589	0.711121615047048
117	0.996446072483221	0.699486781240755	0.531744917310927	0.511028832637007	0.568153664553671	0.596421594297772	0.875278546513911	0.893750405274431	0.897023242524108	0.89408121209548	0.884447031411583	0.856915042835591	0.815936378990837	0.768806015792014
118	0.989012309484743	0.915638141791541	0.97884199133773	0.98425910972759	0.931501263309052	0.977885430882491	0.977807702398771	0.976515233895996	0.976040718234459	0.976041136813333	0.976341569969801	0.975781857715016	0.973900565141477	0.968614116012067
119	0.996885627662599	0.753011687595968	0.987951430196678	0.98899482242866	0.988753485365573	0.970740195399251	0.908200424040979	0.806405262276649	0.665221954716103	0.513299886277268	0.503896872549601	0.463220805191939	0.423242391253072	0.951751141722081
120	0.996767361558	0.762030154148871	0.98863900684411	0.988747737100231	0.989093803246592	0.971376472447442	0.90988602770478	0.810296574976595	0.676874685948769	0.532569298058855	0.514383734954956	0.478683068473039	0.434721473412942	0.950132296091875
121	0.996926551576424	0.759566303565606	0.988950405336159	0.988959301717404	0.988803564301508	0.970886033800769	0.908666977498123	0.808855175679469	0.67139627591924	0.521197974056805	0.496198040479215	0.462729829851503	0.419807218992873	0.961374106228715
122	0.996590538114142	0.74374648236283	0.988636544705933	0.989543192293219	0.991450260574362	0.983800597870699	0.958034967960216	0.910107738116311	0.834280338478376	0.648973548083241	0.666867857848272	0.63502529992226	0.595614873212313	0.792418553890511
123	0.996483474440226	0.743067389100991	0.988728963263275	0.989529162574383	0.990773723933998	0.983070832698758	0.953294467078608	0.905220169995443	0.83440255611553	0.656678371588524	0.671713424881027	0.63972614037983	0.597643867899498	0.78554731702337
124	0.988720347261221	0.991832726911077	0.991296906286411	0.953313008148222	0.854945670085482	0.807643871506942	0.751620618982828	0.703068130016017	0.65157683585406	0.649141117298905	0.641973803730384	0.618644200779556	0.546710975169072	0.640391604902384
125	0.98852308010491	0.991981600381763	0.991416769448505	0.951415643379178	0.811680855787903	0.643224139671778	0.457381618260835	0.337316216864759	0.422526500565649	0.36041403818929	0.284910176154588	0.524876087051237	0.289163718751318	0.631054388737259
126	0.988734799269133	0.992044493837034	0.991461158667675	0.545262326865236	0.44846474725936	0.442250505228366	0.374521698867373	0.286871994624932	0.0298616430001563	0.139034440652709	0.171767106676749	-0.42551092697249	0.569728207279656	0.586856673932075
127	0.988668940155288	0.909719419356013	0.978573241454744	0.962207618442365	0.802184388565501	0.275980187605237	0.266573562976799	0.573122934930281	0.58290243990541	0.60557040771957	0.638711460238709	0.669866629820196	0.647452799230329	0.660712893797644
128	0.996543631408165	0.737546552717907	0.988283392978499	0.989930268387335	0.990610604800372	0.979837938483845	0.930382878770516	0.861002561194084	0.757393183556001	0.579466459164738	0.465840654012962	0.511767327418028	0.473188014671242	0.694177156536009
129	0.996789645364808	0.668914947160851	0.972784956956209	0.951365669768593	0.859989152600125	0.755637854787632	0.943589018664543	0.939111326492842	0.935302271158256	0.927810277326956	0.918046181719115	0.892402333562837	0.852562800949463	0.802178248808822
130	0.996691387187639	0.673506804676073	0.976182369349735	0.953992160849716	0.863688600713695	0.754146195896633	0.963346684289975	0.962430531610136	0.957449404535292	0.952773626564563	0.943705049758358	0.918454400820465	0.881093004508722	0.828893363929246
131	0.988730646127636	0.912881176328619	0.978984386971142	0.962931602236786	0.776721311838503	0.454457424215944	0.51591803558413	0.793683697224013	0.820350035927265	0.834531452656815	0.844227506324103	0.854538599618549	0.864193837465074	0.873340008005787
132	0.988791285849444	0.915022485342669	0.977831956749925	0.961409904286317	0.760870331214344	0.577231716983948	0.59309436450643	0.868466990692511	0.889707548941596	0.900565668177626	0.911627322682093	0.917350565976004	0.926570018762901	0.930795352968704
133	0.98867245901149	0.942263465152106	0.901996782875132	0.763166528147199	0.557135384255214	0.473621788653848	0.540984113910231	0.766071343826687	0.80382506954488	0.82620015480928	0.842314787560697	0.857410872291954	0.869901051249065	0.884230095560636
134	0.996583470148106	0.681582265646666	0.970474114381171	0.951381681187041	0.855848561842619	0.737818669883453	0.536417068798922	0.529125636513207	0.516610634876997	0.516313291330149	0.517398699901499	0.496402956027134	0.487681401947422	0.425187572000861
135	0.996553799823124	0.736682525151815	0.988465857889388	0.989043745173665	0.990408431487591	0.978501216260668	0.940820541580001	0.876121434879462	0.769466830572084	0.580733467940036	0.492054424894584	0.523237610813756	0.486817476879707	0.732134770541212
136	0.996480683850741	0.751231586518306	0.98856578280013	0.988989753009144	0.989753563649751	0.977599149755489	0.935736736820259	0.869710231534546	0.768163094371685	0.585991967324092	0.492172590062438	0.519161926313947	0.47583531616286	0.644635721830677
137	0.98853492329194	0.992165977046303	0.991896617709838	0.939019963469041	0.756776772360439	0.551044453396656	0.39210147244251	0.315262142905627	0.7601233946242	0.718054822192326	0.685098872016019	0.966487262142183	0.978908001442723	0.98235174794645
138	0.996523674053982	0.743208958880262	0.988511276507928	0.98893229004275	0.990992920456896	0.983417417146138	0.956682515861058	0.910185609233013	0.832907918311226	0.637923120580057	0.652125717508838	0.621051915613299	0.576716266971718	0.7709468870364
139	0.996681046010501	0.743859204458377	0.98850767659492	0.989132894976574	0.990751051598634	0.982841423559754	0.954262796109014	0.9071102645117	0.833109470086957	0.656050209592205	0.671188095668761	0.640261422143297	0.589352432752315	0.734423942666922
140	0.996634292150216	0.746943152757522	0.988500358555326	0.989169370967862	0.990049754990745	0.980577770160214	0.951314950823472	0.904551807467887	0.830872525639991	0.650187897578653	0.662807088615806	0.635474681878135	0.585052773458687	0.724985246577967
141	0.989006151664143	0.91430289138068	0.977975182346069	0.983411855713945	0.929719165710302	0.97692929317828	0.97776710454078	0.976780833104	0.976640730602769	0.97663208500935	0.976644358361797	0.976474705843246	0.974527038693904	0.969641691895567
142	0.996532985174502	0.687336815166347	0.968976804061883	0.944141857692844	0.82472931619072	0.67250190621482	0.928265743705661	0.931308940177079	0.92671539323372	0.916604307810091	0.882712294572231	0.784341627480445	0.594771330802274	0.384615256038642
143	0.99649397877082	0.680295969016885	0.969125839307032	0.945050307186571	0.817543328122252	0.663379712041236	0.926629153135801	0.927830726580618	0.924114092237848	0.913761999573583	0.877893960151108	0.775843443262037	0.581331437864736	0.367476934897628
144	0.996649883995408	0.677689052910547	0.968090042002963	0.941813999279938	0.807253071260782	0.654411396185368	0.926136268884655	0.92940527572674	0.924934422261762	0.921012629657604	0.915180104202425	0.896070615803013	0.85966691909778	0.818075813187436
145	0.996532120374831	0.673443454139102	0.968161015511611	0.94152786345568	0.814452438903746	0.661610512844004	0.928102912216114	0.932717230141325	0.927979861097025	0.92571521275609	0.918623533875377	0.901031961705777	0.86300980637391	0.81866035248449
146	0.996501947931516	0.666075648371013	0.967515897140551	0.940467510353579	0.810141295824605	0.658022700871739	0.929479433725015	0.933081738459626	0.929494727246733	0.927200813047395	0.923310951341905	0.903841109311941	0.866361970632388	0.82167503318387
147	0.996678970016459	0.670771645598392	0.968232902361666	0.943432901162028	0.806722184737583	0.659461498697763	0.928815401958202	0.929429169617128	0.924761740728648	0.921122752436169	0.916070310373701	0.894550597592372	0.858724722761546	0.816214397367456
148	0.996854001687348	0.681256973296568	0.967408006394322	0.942493728065999	0.804455131603166	0.660642243091701	0.929877254271383	0.930481955483569	0.925091288226232	0.922467590109636	0.914950912854206	0.893920950190625	0.853832731551898	0.810186241374498
149	0.996747658527383	0.673714962595071	0.966775960102318	0.940148381645407	0.78858957806309	0.620653770235105	0.944378546740297	0.948611550787536	0.945765340738947	0.943497061179513	0.937853211538944	0.920205507714049	0.885075946703018	0.84666634314442
150	0.996674399018136	0.673157449350136	0.968837053692174	0.943644936493621	0.805872839592574	0.654233217656189	0.928895661220062	0.93161537169937	0.925623189668113	0.922502975267363	0.915707486679939	0.89434007738706	0.855969899352278	0.814189183910709
151	0.996619693487388	0.667206185364519	0.966209809582978	0.939621861398496	0.793259296972178	0.623630414985029	0.946176434307446	0.948641273720931	0.945703183629768	0.944345227239003	0.940241780442294	0.923191139197771	0.889149493427303	0.848223623894963
152	0.996728694587882	0.678172375738735	0.968747621120499	0.941876619906336	0.806491906856769	0.65251101368815	0.930559773198831	0.932690766306932	0.927675239633408	0.924139630052344	0.917651460673869	0.896836029660138	0.858379681302886	0.813786624225188
153	0.98863360214565	0.992352579678536	0.991720946590202	0.945712369360958	0.78296865391212	0.612139815202859	0.471185231094594	0.398159021358846	0.696212479106706	0.67114134044226	0.650306195742798	0.950791804094506	0.96280819079411	0.964367998973343
154	0.996574546525779	0.699117578559122	0.615985714605881	0.580699932970194	0.465307003625561	0.38756657033478	0.795889384490209	0.832894515678454	0.830047341749749	0.825176386604161	0.819634509932936	0.785495517918309	0.715790276038369	0.595663198242419
155	0.988856790193651	0.992290654773302	0.991663231096371	0.961609400138967	0.899307670083753	0.87068093059844	0.829330818996654	0.771959697582767	0.752857934048935	0.737788376699878	0.717066585350373	0.687597811826279	0.610893550323088	0.671701821299362
156	0.988823727439096	0.992423610614613	0.991674953400646	0.941094016934723	0.78732098158146	0.61509592325941	0.471479067562058	0.387920207518965	0.703004802593039	0.66970106084072	0.64868484550071	0.949875638674823	0.962050664315167	0.962764370223934
157	0.99660455710789	0.697070822272468	0.554659357869046	0.584097605243696	0.59178731612778	0.585375287455634	0.82197829161601	0.806354645654119	0.7429596496107	0.685991623448128	0.649355768689044	0.625502961484234	0.581377210239333	0.484990543716821
158	0.996469926224694	0.685361676541031	0.863777583003634	0.853216398416265	0.766456602848278	0.664565758921323	0.493430310365324	0.502700264714888	0.522371280188864	0.519991996519413	0.526601498311993	0.511028300079715	0.495045664930288	0.455573839372866
159	0.996428094985481	0.739360368286843	0.988196016698084	0.98888809951716	0.990271930107375	0.978629170659187	0.932332868044834	0.869393223954859	0.76934639328748	0.586684766866122	0.468709051443507	0.50964110306061	0.478964422739054	0.727451705037592
160	0.988674751412595	0.9179124329273	0.977752508473379	0.983545488067225	0.929852826435819	0.977941948897129	0.97828288299519	0.976753616970236	0.976605551797687	0.976881519806512	0.977196376442823	0.976560574694409	0.974273021005163	0.9692330166519
161	0.988533199704404	0.992031672353492	0.991572231722326	0.958849787206134	0.889922076347675	0.851608648561267	0.784333074084426	0.70386933956239	0.730189731328198	0.682826250549927	0.632809721142617	0.300512427999639	0.498772006277061	0.0725309000809834
162	0.988797912447446	0.986538176601119	0.978621045368725	0.806014770656228	0.521233954044323	0.46068722544762	0.530457251347113	0.751030988956127	0.875201464672771	0.928732450485541	0.948764954724646	0.970700603117557	0.985441706937505	0.993872887161186
163	0.988622786473298	0.915815002634114	0.979710712348735	0.961653933372307	0.773764929169415	0.484004627441185	0.527305229004505	0.799813207051595	0.822535295575298	0.83782244102023	0.84453414220069	0.852743042504551	0.863920265512751	0.870551836686631
164	0.988453501100625	0.912245111945787	0.977499912929731	0.961270335210879	0.762594903359521	0.574549613783126	0.58836831071946	0.864420187194377	0.886202155906238	0.898476427074118	0.902029115013731	0.909892732724291	0.918741644337	0.929979966681886
165	0.988388692942177	0.992138175075943	0.991763747045812	0.769775854155379	0.707855557282282	0.794734556968491	0.797488419616762	0.846345675794117	0.899449709500052	0.874868172764005	0.897649862534222	0.947226688029394	0.883436033037421	0.938901606322764
166	0.988552101312252	0.991805091152238	0.991648725426686	0.765752046325335	0.709199761143569	0.791330200627752	0.800809490214614	0.837049092711596	0.887915092362813	0.8687907006653	0.88870689496482	0.935062347474157	0.871358553026694	0.927597353923262
167	0.988721053088022	0.992666490909262	0.991767028159629	0.763275354139553	0.681031155825071	0.761382533859842	0.775513695312885	0.820643135285819	0.877451587467455	0.858022515935013	0.883068485941269	0.93399758461489	0.871943292535553	0.926223369975998
168	0.988638709754539	0.992817047274093	0.991883192898846	0.962412733900481	0.897748376719395	0.874034876563535	0.830892667714942	0.778807118100187	0.781213825226627	0.76649675534482	0.743831713822142	0.706914288928298	0.684789599307912	0.69924272922459
169	0.98857368400847	0.992340508392819	0.991781459786506	0.622688550160097	0.560192881062233	0.605674840414251	0.585035395703848	0.576913704088126	0.557742163153604	0.454024577059215	0.407979094586559	0.0165958495653795	0.254189250309478	0.349888680481519
170	0.996519398165368	0.739808885773421	0.992909388126052	0.996015327509919	0.995888243244915	0.988632773465046	0.962599648469951	0.918365003630242	0.848203817938343	0.687245480069723	0.688046132654255	0.661279365296487	0.613235096841849	0.785971697954089
171	0.988547896483209	0.992081926598705	0.991867018026324	0.961449900790798	0.89926443738858	0.865010321101334	0.79899329334105	0.721724720792462	0.650179054415736	0.583613641699989	0.521204492118478	0.350403535642489	-0.216923755798437	0.315929071896938
172	0.996743372712999	0.74575408744423	0.988604063191194	0.988976754713149	0.990453906637622	0.980841742918448	0.95280039691353	0.905420831745766	0.829235770962302	0.656327531817868	0.668883217523073	0.64002011240837	0.601310332295824	0.791989648903798
173	0.833387350357856	-0.178739911187554	0.979422764870522	0.961319652997385	0.837730377110669	0.809794328693273	0.751840952466597	0.586432903717913	0.123037842776879	0.23690426461528	0.471085675078542	0.587279198896244	0.56826484188172	0.607326263016308
174	0.988510164427922	0.991855804998194	0.991645858273597	0.933442920955387	0.848431308209091	0.834957407953327	0.789787534055973	0.751942627933771	0.818040349178898	0.799530957610503	0.778420138320376	0.690605231886108	0.820248888431428	0.683015819583962
175	0.996575277918553	0.673949345912837	0.96994516044073	0.949127055036216	0.851470745425785	0.738038535037374	0.924327644212485	0.923636144650239	0.919512777870417	0.907803484020761	0.883708040690344	0.83081781972998	0.752451667472494	0.649368528815093
176	0.9885832528221	0.676023298609523	0.71600428785446	0.749496936520922	0.507577534467557	0.434996707971185	0.444003924832169	0.630576807040902	0.654057454591926	0.675132905182326	0.691937943049199	0.706239227632182	0.722868099771203	0.745513059058861
177	0.996621145842423	0.673948664109099	0.969651115751953	0.949883774667659	0.860173528132738	0.748899217054539	0.927344518203427	0.925578835905611	0.918940398266886	0.897532206691364	0.8353295018753	0.693468842260261	0.493447085021179	0.308277702886766
178	0.989063188609251	0.992314311225419	0.991760379198341	0.545329201483561	0.654996541940652	0.729643787627172	0.751457130628224	0.808151683681849	0.880361248911406	0.854567327693928	0.872575086680931	0.908663018046257	0.85637981944265	0.901911321352369
179	0.996522922267653	0.734958160531215	0.988953449745692	0.989422036785861	0.990710029066805	0.981603543945914	0.953771622294202	0.907242683469465	0.836056516907507	0.66904168122095	0.674576867845727	0.64357023248117	0.602283273138409	0.762517424846429
180	0.996450761836112	0.74661420207668	0.988652566476301	0.988977218202905	0.990462466756323	0.982721098140255	0.955853419946325	0.910429360029575	0.834636798984672	0.649314162797885	0.666523125965429	0.636634148088079	0.591092760801349	0.683060596442918
181	0.996523444868633	0.746897387652365	0.988695403643663	0.989939556408712	0.989953274337796	0.972063212020683	0.921088660544942	0.830981023763668	0.713300925658543	0.557801870684556	0.542594971838434	0.49960717218383	0.455045165113638	0.948356432476344
182	0.988841864162391	0.992540972877092	0.9882410619175	0.597081306620188	0.604824041035376	0.669829016728021	0.69220752065533	0.761671121774548	0.857861365274515	0.843345492803322	0.86674209010355	0.908215055138818	0.843146275817962	0.867459438330236
183	0.805608577184008	0.363190060594484	0.714680409396341	0.728087963448282	0.58392273392418	0.549531843345925	0.391242766893143	0.339367401935272	0.312789452737678	0.308251397742881	0.329878887359564	0.340542452959338	0.326495647804532	0.264856299726617
184	0.988898404044864	0.917801828511141	0.978885362548659	0.983626518257461	0.930758250424591	0.978860799472506	0.978700007325931	0.977213631663891	0.977065745047768	0.977036528990932	0.977313958240939	0.976596574749614	0.974196994628349	0.968773512231235
185	0.988921713899015	0.394695013452381	0.978245518898731	0.982219231767408	0.933101971208386	0.977572264228388	0.977565289858296	0.97631441385761	0.976090330386153	0.976198410011622	0.976705185108406	0.976151331320051	0.973938889719247	0.968924737512405
186	0.996826810210163	0.680434202483124	0.970165701131774	0.946947671081666	0.850466395030128	0.743761648748354	0.923524520269728	0.921189807345303	0.916064273560594	0.902048930174071	0.876236136911267	0.808830765741718	0.719821983067634	0.584287700667794
187	0.996794291530054	0.747048554131477	0.988565046391875	0.988965634940354	0.98904882979023	0.970516052604952	0.912149036006629	0.815973652314611	0.695714629947811	0.543693811871756	0.534982738101959	0.4997382601854	0.451114764778135	0.947216033651611
188	0.99669126432055	0.750601595069206	0.988260048321542	0.988634769700217	0.989364764725288	0.972895141592274	0.914464754949554	0.827259412298383	0.696898781200457	0.546399777666977	0.532072985187423	0.490936922306371	0.444282446072095	0.94933188134115
189	0.996818001286152	0.676504041375145	0.970150715737464	0.951401875487896	0.861961272310471	0.754624934642585	0.927703695712622	0.92681185490519	0.92294900787894	0.912270025504665	0.897300766584044	0.868427585490581	0.827164801811032	0.778461064577896
190	0.988932009293781	0.929653685064783	0.981992492244812	0.985336767371833	0.930687142838039	0.979899581631922	0.980067560399129	0.978570302559367	0.97817629436458	0.978336614416235	0.978580723244544	0.977853930129047	0.975552871265822	0.970112481979726
191	0.989302131912326	0.928308316551076	0.981856357718133	0.984671278373147	0.933307486796304	0.979464092478397	0.979340906328767	0.977926568027068	0.977589269668669	0.97756584847321	0.97806659499964	0.977414799328858	0.974861517198876	0.970615154884559
192	0.988610068030548	0.926211864908221	0.981956656690673	0.98511441862519	0.930399826754361	0.979428971641973	0.979121038537243	0.977531972261282	0.977282557716792	0.977526700053221	0.977885857557408	0.977222598352658	0.975677686641286	0.971757755859654
193	0.988656367174985	0.992727270310177	0.990926355043104	0.942714085611247	0.872854625801429	0.850534808648358	0.808603143686944	0.763285886096796	0.816829382654592	0.803112898439296	0.78382774500646	0.697380483094416	0.828133550180742	0.691469048606958
194	0.996636561606539	0.746700190358943	0.988582676441793	0.988890784932258	0.990925538343915	0.981270861799797	0.933507085463327	0.869741291846419	0.76952150181223	0.582621072637664	0.481093342072041	0.515367667000817	0.483942305325041	0.736257516979576
195	0.996698648612494	0.743914983563954	0.988989675726561	0.990155330152077	0.991203991496236	0.983460873320878	0.956739558506803	0.908945701673633	0.835521997483732	0.655859445342542	0.669537079849719	0.642581342271731	0.599640810982293	0.796733234762269
196	0.996768272662366	0.6798772512524	0.971492708828684	0.949054702343754	0.852814150326781	0.745523484933172	0.929215826041834	0.925617382930814	0.921832279804873	0.909013308002138	0.881306487905074	0.813676161306422	0.72187850559825	0.581390491802028
197	0.988896361830175	0.992686689427932	0.991549846455104	0.961857260682771	0.890889622861623	0.853824726544361	0.813187987525827	0.77053140374039	0.82623073712968	0.806935188022241	0.788350789964676	0.702703908804631	0.83618149349349	0.686974861463777
198	0.988535687531125	0.992424872801122	0.990612042275015	0.722391732167538	0.733571611009908	0.715809773384399	0.638858820032514	0.530587145366462	0.434207833273262	0.350218559695919	0.317062303588518	0.299402484040987	0.220092018221075	0.176623148133864
199	0.996602079310492	0.745593625788548	0.988690270170659	0.989202962234043	0.990193939528438	0.981434605260347	0.952953449709043	0.907786568830879	0.831146564357996	0.649969957371336	0.662378549677858	0.620267170148383	0.576636884853518	0.522964980884744
200	0.766035786541296	-0.150874345505572	0.959504990492686	0.572871874378169	0.166978428423191	0.37998498188303	0.473030113908159	0.646001044515274	0.788250483736472	0.814804516676772	0.846701724346514	0.895791023746877	0.833982169388104	0.89303417401156
201	0.988760773281374	0.912251200293913	0.97830500278441	0.960785018086232	0.761220711431855	0.517212641818541	0.531715820121957	0.801390764667831	0.82165170927106	0.838334858238698	0.850546198532397	0.861767771266423	0.880246437729558	0.89140594448588
202	0.996884694029633	0.678011427463224	0.968552333541828	0.942339350314706	0.814967264490972	0.662948626487574	0.908567354883576	0.899672367856662	0.886626199752317	0.879763378449757	0.86911219780711	0.840955750622586	0.780861249938638	0.722581736777588
203	0.99685869723965	0.679497785225788	0.970281292606859	0.949540427314852	0.865591772884905	0.753959480674615	0.93863212497002	0.933475472467248	0.929620378446516	0.921883210331595	0.908117599270692	0.881995194449026	0.841270165752183	0.788545004103752
204	0.996723241262344	0.683019619567613	0.969636878793235	0.949606691495477	0.854690971702812	0.737855037949212	0.587386145705184	0.585014684216652	0.587192940912867	0.585053903588941	0.588013392269808	0.588091589951882	0.56267423439365	0.526575905469597
205	0.988611409046133	0.99193202130982	0.992029923160395	0.963853849874575	0.90135814848802	0.866875379924478	0.823276586887966	0.769063670777164	0.750897652532095	0.730228912268819	0.709702547958275	0.679842294043234	0.612739075638733	0.661718289989202
206	0.989019037612985	0.991744218056962	0.991027164639852	0.939304021989704	0.779252011008391	0.600676183227323	0.427065529878477	0.312598554000048	0.755219227891911	0.703260295137069	0.633031844956088	-0.0353123368019818	0.0486834081221723	0.360880401390731
207	0.996621670704414	0.741617685475159	0.98918490482195	0.989399317860195	0.99099795319865	0.981957115882071	0.956336017135391	0.909432033342122	0.834716079775298	0.657645262704104	0.674292693412002	0.644112750184878	0.601738896445544	0.801333417846082
208	0.996703429443983	0.743666165879384	0.989313590541752	0.990087629706231	0.992210980639401	0.981074577953813	0.941222410076866	0.828438637991088	0.581482607173464	1	1	1	1	1
209	0.996597444080768	0.738254236147825	0.988653678814842	0.989102093580533	0.991393446494428	0.980596551801798	0.942986462133378	0.83120349005641	0.584876044781283	1	1	1	1	1
210	0.996589630448378	0.744118981820377	0.988639931615007	0.989091846284754	0.990617405765258	0.981175865040424	0.939351770568941	0.825165991675308	0.573905296060922	1	1	1	1	1
211	0.996522508121873	0.736147185413957	0.989026159959053	0.989501984645172	0.992076326061991	0.983112077262715	0.952153809246616	0.901463847608013	0.823596262371875	0.618762479533737	0.64121517438913	0.617363746455777	0.584331003845168	0.854380559364173
212	0.996501881758452	0.735026640575056	0.989057317071177	0.989406460186965	0.992448911967344	0.975089683413767	0.915840133559226	0.831767172411601	0.716806910196858	0.55325919636678	0.550660981994399	0.522314074633477	0.480752491198003	0.761902993199254
213	0.996569805365976	0.747068242260878	0.988923296625256	0.989893379935849	0.991593568120661	0.983975515958907	0.955276696412631	0.909622083299695	0.836790769176645	0.665864081310635	0.669438149221416	0.637579152563413	0.595423063888283	0.821322350291653
214	0.996683846786219	0.681583915447183	0.968847063549026	0.944685947873567	0.823388843360872	0.673690543485759	0.901550180265705	0.890577638213246	0.874227959025093	0.863676047758205	0.855593334334031	0.83007967454907	0.775877674202011	0.717603219449325
215	0.988606440091788	0.992370358628098	0.991885389501697	0.960361595997083	0.893866928530948	0.861702310417278	0.82191127661102	0.77388697807929	0.813668432189097	0.71760109765036	0.493380566795714	0.219247026061376	1	1
216	0.807715451335268	0.58818799264104	0.98773192483202	0.854514172375572	0.841776091424649	0.83686085100285	0.814618162791113	0.76861246439542	0.702183651245305	0.52529323878122	0.425941774322449	0.491970415934888	0.464340173994249	0.707724949185574
217	0.988844112237348	0.941960265998114	0.942499978401677	0.861382852033432	0.840029271939681	0.897795799311233	0.893132699135729	0.887310719767997	0.930402351566874	0.921566541022431	0.911927449214307	0.897218957141662	0.866318328573472	0.813568486281212
218	0.0168731805585669	0.217804154530038	0.98877000239685	0.989081038973991	0.985235223871559	0.976573756614974	0.944156516484908	0.886169764070026	0.766780499097299	0.494936108110967	0.429049553038398	0.564703179307655	0.604149475289145	0.608622743030388
219	0.996529425014902	0.67518764362774	0.969145190305843	0.949865934184767	0.862264427134891	0.75618871621342	0.921983891939194	0.920489277437332	0.915711566296667	0.907722408177136	0.88941812446052	0.858169171565245	0.814397514193977	0.759075790351582
220	0.99670475778412	0.680663363925187	0.96927430337955	0.944234063378558	0.833180949007042	0.697819811099803	0.481321556841043	0.489588673571943	0.460879610239013	0.448791336696458	0.453701265021165	0.44738614953643	0.41382317253973	0.353771930215893
221	0.988636587937407	0.968513790666853	0.933124420874933	0.877666205955984	0.625395654947919	0.310134915442306	0.351635057974908	0.620686706651038	0.629460213306764	0.649261339000163	0.667844072850745	0.687817973949124	0.700956999415446	0.729721095256325
222	0.996764695998195	0.750454080761037	0.98889393916596	0.989208832482071	0.989071483947701	0.972953807548021	0.916989413502754	0.824205156464747	0.696489443542701	0.555286761134354	0.53833373103502	0.502762075068833	0.462617937905176	0.949289697459792
223	0.996584515577109	0.741260911250552	0.988903051726965	0.989949856208071	0.990922736486616	0.983491315354339	0.957591226015682	0.910301913865427	0.839345423497584	0.663653546250928	0.678365671797403	0.647828805607108	0.606679359024385	0.783763187199527
224	0.996693217859324	0.680544322445521	0.968502120169534	0.944224567508641	0.826282559294367	0.67221399793719	0.899486155642116	0.892922079041906	0.875619035910165	0.866660249634614	0.854224833620482	0.820249946127409	0.759045941847273	0.694174955239805
225	0.996802602751162	0.671777226558315	0.971131854959608	0.948398535351298	0.858545834108762	0.749015252169975	0.928740350954967	0.925770861244209	0.920106492236012	0.913509487433821	0.900558137819334	0.872994982579187	0.832571705494617	0.781195556283428
226	0.99666959719804	0.681317285592785	0.9726364999928	0.949052242769334	0.853140711139036	0.750695422281467	0.938009099745932	0.935603550661134	0.93110774620731	0.922790033554639	0.911466699285393	0.883587616890262	0.846271880349488	0.799135977643782
227	0.99672419058538	0.66595204153029	0.970954398629917	0.947657071708061	0.852844844014594	0.744224017581159	0.939342145530999	0.937397289553935	0.934510059807572	0.927673132003008	0.916171972917874	0.889640061774159	0.852287961581878	0.799563593770619
228	0.988882318435419	0.9175489490719	0.979272795080386	0.982808883152115	0.928753431610445	0.977517010472714	0.977580624937883	0.976490684413125	0.976415701764183	0.976758774520037	0.977217726110503	0.976580063063195	0.974517252467252	0.969532582236281
229	0.989090676613121	0.917346494083787	0.979659331656689	0.983854183015498	0.930748007715155	0.977972653148895	0.978108793689476	0.976774127844352	0.976709702874424	0.976651903119911	0.976845653517915	0.976066101016979	0.974121417581182	0.969040048865952
230	0.996781687462917	0.675673672456299	0.969000261282825	0.944055768841247	0.831266933947622	0.68985711091592	0.509330858603639	0.488741997865092	0.477074010366893	0.473851240760996	0.482490533824451	0.483355050688656	0.466992712444973	0.422443333952836
231	0.99670003866229	0.681330471569358	0.968561336360879	0.945795988384298	0.825819627204286	0.67160649353414	0.918876419382271	0.915264311578295	0.903924401857008	0.902455147871708	0.895214161582572	0.86770849223062	0.815516515244109	0.759984089093585
232	0.988759245701806	0.991869311351398	0.991697321248173	0.963594258990525	0.901494075273094	0.870999141515101	0.826353234609057	0.7754488177134	0.773493189059931	0.753946163864531	0.735821668164767	0.697881539410648	0.676638593981959	0.68710684819583
233	0.996723039115341	0.746274836230614	0.926337077703996	0.939455061580246	0.937067967384217	0.918578895173822	0.842820711510843	0.741262914438553	0.600547734580869	0.497011508558616	0.362520480305875	0.359355573018707	0.324414936688693	0.556159258957387
234	0.988862791658577	0.992239150121564	0.991531042404325	0.940420577035319	0.869345631507717	0.850100551778943	0.806044898547927	0.765777159519977	0.821666370634742	0.807782537586035	0.786906989210672	0.702783233522383	0.830019752412537	0.68614780204169
235	0.989187204215537	0.991824669154938	0.991340584199728	0.941276353394917	0.77480378608449	0.587232107208691	0.443265298103892	0.352213643808485	0.752142602735961	0.721919438266374	0.697641247227489	0.914274335329539	0.937210664227428	0.947268278096162
236	0.988825532775095	0.992106289729509	0.991492777108691	0.939182167119561	0.753644421480127	0.549631141641097	0.381705670873351	0.304352029528349	0.749225920714392	0.712972918001912	0.690045203216847	0.967342428119275	0.979436848022063	0.983925494359593
237	0.996655754834735	0.676571249018642	0.970168911865853	0.948201238895606	0.858834862692745	0.749263577437312	0.930320477420618	0.928688873496	0.924767973233649	0.917197698205949	0.902699539837562	0.877706983196977	0.84014688515596	0.791919772449593
238	0.996578522454281	0.678962877248907	0.968724665389425	0.947697485479515	0.860456957803964	0.748559743442669	0.926336189177358	0.922293553511512	0.918523195469251	0.910618112930793	0.899334132962115	0.871256521818365	0.831872105925004	0.781452793358019
239	0.996433049816619	0.749250128716288	0.987660439264267	0.988694724453381	0.989655683874727	0.980085639976766	0.950757346729215	0.900406348979361	0.826528981332804	0.642477627800946	0.6644740939862	0.635107805237952	0.584547383051569	0.709095811346621
240	0.996746053883646	0.746334409152356	0.98891372821679	0.989845693101341	0.99060255152056	0.982245751840667	0.953292155244869	0.909872044097514	0.835269144570516	0.662561204727389	0.679451805555025	0.647260412803561	0.601827015549371	0.789871681872441
241	0.996535013411262	0.747979266470057	0.988793338543892	0.989604822929922	0.991840666664608	0.983094627214681	0.954731661018433	0.906427469539555	0.834222221382603	0.652060971644423	0.665990393250868	0.635302593266726	0.586007837626336	0.740186180243319
242	0.996836594362286	0.7460650660358	0.988668983373934	0.988961413631262	0.989052957553993	0.971083555176094	0.919196021929881	0.824439357896006	0.702005886919264	0.546286135927974	0.536361253970014	0.501428542023224	0.459539324270115	0.949173817108575
243	0.99699640550574	0.745477327257313	0.988829644710184	0.988881092921456	0.988582076126605	0.969784776961647	0.912169155909122	0.819019025804766	0.700436342909329	0.553943624752073	0.543377071616611	0.499015715451087	0.460040226595587	0.947269326503487
244	0.996750843888092	0.740736098968692	0.988692926049665	0.988738924507284	0.989995594671244	0.971444073517828	0.914078069891257	0.821234326974451	0.698432774186206	0.550411287402073	0.538692095908993	0.502549558853252	0.458179436103515	0.94965509946358
245	0.9968655607735	0.741989294027694	0.988730331516215	0.988889574599831	0.988985252576651	0.972889491575357	0.913945708677957	0.819268469306722	0.690442010561678	0.544797364066716	0.536318294548893	0.493422987503714	0.450790635330364	0.948673414750436
246	0.996415608216981	0.747920906771307	0.989007246302958	0.989587990157989	0.990042502150762	0.977420577860108	0.926034383413313	0.852058136063405	0.740591125600167	0.527222102334	0.408830137690822	0.471676491938948	0.438154981192846	0.663159431236834
247	0.996695238797094	0.640347138556947	0.969215227346423	0.947643511548639	0.85874380273125	0.747841019537662	0.928228438784413	0.925203130607291	0.922010699566696	0.912767385441372	0.89706582145089	0.865455805858519	0.814791819778507	0.740603896611757
248	0.989109385842075	0.918374001607252	0.978593049214859	0.983845441177306	0.933435429443156	0.978183168157288	0.978284309843794	0.977245002243972	0.977307962515524	0.977325187278496	0.97741700559413	0.976913163230701	0.974796582864181	0.969729421439907
249	0.988761829523042	0.991941248439079	0.991576861913343	0.877966851330098	0.900156520647077	0.930321532344171	0.915948437622456	0.898353778531181	0.936708427919145	0.924714067594876	0.913885668513623	0.899939977270063	0.871634492309949	0.829377280140148
250	0.989032512110746	0.992016620436878	0.991560131691315	0.89859992807237	0.902990874684216	0.936935853785842	0.923980772273725	0.905035538739544	0.939670729737527	0.928684108846972	0.919251520924547	0.903438357329889	0.871652364931951	0.823136566354423
251	0.988926541766312	0.991942376269017	0.991902785671815	0.901384570536995	0.904379981981538	0.937974690587	0.921835511102651	0.904144862073958	0.940204524213113	0.927101902124756	0.917765362486046	0.901609011507619	0.868736805556693	0.821748692967176
252	0.98875119538452	0.992109812534519	0.991565600963905	0.896010349772935	0.901704754099472	0.935125116405456	0.920021947743131	0.902612934367242	0.938253408674659	0.927233927183549	0.918455943177891	0.90138916059143	0.869124356491899	0.820802395493887
253	0.988925137219773	0.992516594442547	0.991942344006656	0.866163382044989	0.898792254791318	0.926892337930855	0.912908791230736	0.896226623238631	0.939526220789725	0.927974865172641	0.918408196674718	0.902671200552463	0.869391505583034	0.817310318851422
254	0.988694456520152	0.992301337275259	0.991749820077281	0.867093860668248	0.896591799495503	0.926826401573471	0.913057413036231	0.89532202550974	0.93728600971728	0.926440546981651	0.917970017876069	0.901469284543048	0.869958840648392	0.818592703913385
255	0.989224370708416	0.992170591532506	0.991694785247993	0.866639572482131	0.900134874486325	0.926709112562588	0.912164080000129	0.896865307467025	0.938584842753283	0.927162815781854	0.915609172944821	0.89878744395181	0.866560331018824	0.815794055585156
