V1	V2	V3	V4	V5	V6	V7	V8	V9	V10	V11	V12	V13	V14
1	0.984807255640051	0.992644639668977	0.967062960837038	0.890637046632545	0.820350392871183	0.707083904897728	0.815413409095826	0.783923457725657	0.718571981886411	0.611795647408484	0.494312395689353	0.408502879988542	0.522209684200657	0.549553313528593
2	0.983916493424714	0.992697967558268	0.968241797145331	0.890341303899146	0.833074237003748	0.722349104806619	0.788124032558945	0.747351165131835	0.686079670791346	0.535731147835576	0.448114347005998	0.347994188188474	0.80966011511996	0.824063139222583
3	0.984815863517039	0.992683077249834	0.967790671763534	0.887296104591829	0.824477886349067	0.714979699589658	0.824124011383984	0.799289146404996	0.743332087630671	0.627096557559361	0.515430332738719	0.423507546987093	0.671545377032582	0.690783267533035
4	0.98475947777455	0.992000322584067	0.961262456610549	0.768550976557447	0.706746488235527	0.757033265521756	0.712190078377449	0.700019858557543	0.688234639532452	0.651209728970033	0.771949608706143	0.768826027203523	0.746972287967508	0.73156109026251
5	0.984758875236527	0.992052112494124	0.962305315567121	0.710041596830656	0.686111741168124	0.697135316735809	0.635408997052033	0.598477484314851	0.555891369360872	0.228723517839217	0.305879417399666	0.414749625629756	0.343338351307703	0.344000419865695
6	0.989502664789019	0.910302113056809	0.746460227621749	0.735174051840695	0.693214613518872	0.764104967000651	0.753215309424625	0.745645897290664	0.727343591114416	0.671233618733561	0.598782665198734	0.694357837877979	0.673302693141816	0.651846165808774
7	0.990078021117693	0.872436766911136	0.849346883405764	0.83431486218007	0.780949805355004	0.793580337706186	0.760717773200275	0.676805174429237	0.824655084589063	0.810951397796403	0.785478673070136	0.756705259690147	0.722394298020487	0.680000461520694
8	0.990379686598856	0.919622456027977	0.847521243524895	0.836140547990738	0.782540434933311	0.767288246368348	0.736185587360576	0.652427106105824	0.812836279755671	0.801748055314733	0.786618551005099	0.768720949562992	0.753079996834763	0.731143749167199
9	0.989259271200703	0.755470539311849	0.805873034817602	0.78801694602997	0.73704168944929	0.73361133543687	0.644202415879019	0.521453809431111	0.705973171428476	0.724994161716931	0.703593802616179	0.739246124603627	0.71616830034307	0.655007690755638
10	0.829700510026124	0.807932694121723	0.869344993489789	0.829220435951295	0.733670047746064	0.697496428408526	0.802012445608432	0.804276026186663	0.763706737252785	0.678312032380933	0.609423032935735	0.374011404513699	-0.182146114457927	0.363890414917915
11	0.984505932991581	0.983273889663867	0.927345548730559	0.840566431471608	0.713506968009938	0.540928890771962	0.617572973652728	0.624215564847853	0.585366663588891	0.598106514288479	0.585282017077174	0.557181191628956	0.556533009316455	0.456859409077586
12	0.801331237282018	0.848552956226551	0.870785314543545	0.827841604179584	0.732431865291638	0.685312567133135	0.804264518023071	0.81547962782521	0.797296683021813	0.790296211573265	0.773739902863095	0.735550057902922	0.724568804109125	0.709041829271334
13	0.989305683863694	0.817434599199298	0.848876951903938	0.831479689790987	0.776333479348372	0.825347155781629	0.812727223334268	0.801937047863352	0.785095395911986	0.730568555334088	0.642658447641648	0.673398959199884	0.630778567039366	0.558596822055033
14	0.989711938068131	0.917132490030063	0.84981023996533	0.834643430624543	0.782819129182903	0.793742974754061	0.761011408340641	0.680745183978413	0.827117093406599	0.819660531067418	0.800664159635529	0.779887756472725	0.761618971414966	0.746908084354637
15	0.990504333961145	0.766280917633002	0.622260488165373	0.608164351122572	0.569446396807358	0.498070800873273	0.466752355678729	0.374707323847345	0.350248013355911	0.346365885091111	0.332768338993907	0.307715739895685	0.28839025392929	0.261574396240992
16	0.9895946631735	0.845129866943212	0.863046212341772	0.824332500838698	0.740541337029813	0.699173513997198	0.824732046443904	0.827783202760639	0.79891529979918	0.797345062931846	0.773678337520722	0.752990073332487	0.745591725434532	0.671693880745947
17	0.989850445724634	0.804830783880155	0.779707330150846	0.717068654917147	0.55039103704941	0.32772534586248	0.422916259937949	0.432641238230767	0.447461855557694	0.514982319743566	0.487005877371338	0.399620610739829	0.32787842166893	0.484753275954746
18	0.989783667457318	0.833191103061968	0.81130446675834	0.770735666245501	0.710920139396113	0.680662384133808	0.803192603955998	0.795807633374048	0.761035759263165	0.743399180572145	0.691192650343381	0.643249049917874	0.614909077914796	0.541030768685979
19	0.989451488655035	0.909061400467511	0.820193873694891	0.779905202284046	0.727043894236804	0.754522769173323	0.73811116168862	0.727652143505644	0.721931990448737	0.673238051055243	0.578922355283126	0.658946108545448	0.647713166588515	0.627678875350793
20	0.989526028910064	0.793455916104603	0.746740846677846	0.721360663207567	0.663362978323239	0.688404176132422	0.646246193773605	0.560937258737124	0.717180682448311	0.707979274039418	0.696912211526216	0.673460010932363	0.661466867643729	0.650539289933115
21	0.984904643502305	0.991081610718273	0.954168801502269	0.878902711165906	0.854121799719108	0.880720771888469	0.853273564453105	0.761503175640233	0.816327450396806	0.784649283772916	0.872795284495948	0.86153455981421	0.852397223475688	0.831499122850538
22	0.989460277984912	0.916920381592295	0.869645039066993	0.85075738004283	0.794038844182469	0.818634003317908	0.783543247398539	0.697395491295517	0.836385357927989	0.82630649260146	0.810062242343967	0.790398208213779	0.772050552138495	0.755848953196281
23	0.98908881422341	0.87936709424299	0.773280070732971	0.725704208197551	0.660038891397922	0.630928633382152	0.750822633218624	0.758068018903544	0.72701656088657	0.724354934125197	0.700445052776041	0.667768543856475	0.660410374875032	0.611811044965298
24	0.989653608102303	0.913727776369991	0.861438656722738	0.832788437671867	0.773315989507155	0.767963399410703	0.742237259356542	0.672972539884702	0.715507475284425	0.71634933982716	0.700489468436288	0.682802440382221	0.664704048222093	0.647580397966287
25	0.989978781958209	0.86316509238986	0.820114537292471	0.778647125015736	0.66386714259819	0.600010592868147	0.696780699630975	0.681360396201173	0.618878803944967	0.565541610026297	0.133470839268957	0.275835888359194	-0.16372128323871	0.41623682925101
26	0.989850997326226	0.836454924084923	0.853983462041677	0.813842804425809	0.72424953836876	0.680610651569065	0.79536415113086	0.804882066410127	0.757600497998217	0.714639383705866	0.661000584552413	0.564345656362954	0.483172876987755	0.516873149663552
27	0.983854748952651	0.991664565842034	0.967475826108502	0.744752858347975	0.634845506358562	0.489693348936992	0.738261407110523	0.741589533756831	0.701722606663311	0.540550728723607	0.613975844097111	0.58622541124053	0.609936730328915	0.625818992029674
28	0.989910863000773	0.914522096478072	0.734670333706003	0.736269424479184	0.698728235341043	0.787530925414213	0.779689231315407	0.773767700668358	0.755095039790575	0.699350697007937	0.615367868150531	0.704411323707898	0.681278568872916	0.611884791346936
29	0.984866822267077	0.991878780801224	0.958431754565167	0.818615664744925	0.78404786773138	0.846291818383551	0.827805767225272	0.749860228055501	0.809638639316561	0.781383326799529	0.877076393593214	0.867679121230654	0.858079845668057	0.839207242638608
30	0.985699430996313	0.992645661624982	0.965679775682578	0.886724171639412	0.810379093553084	0.667055925860173	0.463550220938104	0.513648793063796	0.493134222697084	0.60796597346977	0.560829811205607	0.567550503708177	0.546998312941777	0.559127515437576
31	0.990417122413889	0.696466728085802	0.785417112068663	0.777553924825777	0.747616924243064	0.804831938900852	0.793472405456733	0.774408632263112	0.731260237775016	0.65832382426213	0.556200657675013	0.611464656740202	0.534736890957384	0.56390041147183
32	0.989080061459792	0.88582809038286	0.870844987001602	0.829482226977409	0.7353047112835	0.686669935309641	0.806494936051842	0.805416317653814	0.782891779464542	0.778778390978939	0.755590310810833	0.727616735979696	0.71400163108817	0.648244140917219
33	0.989689296173474	0.917456510621559	0.717126332727472	0.718395920921144	0.679979119776556	0.683599978780337	0.658546418048003	0.58286306062936	0.678099146685347	0.667220981485375	0.618000019019977	0.5492323994974	0.489178859056377	0.414308017885298
34	0.990180941251512	0.807780082412905	0.798860064129583	0.720829654485848	0.504102174182542	0.374141572191963	0.473455756166226	0.469285011009798	0.448483456428452	0.346310244899947	0.258116008581152	0.336259547516492	0.339213951238714	0.16538512143075
35	0.990863787080617	0.809845977312392	0.843864225325226	0.823575156458349	0.759322356131781	0.69705281373458	0.580810763280572	0.462160070469668	0.789343809347036	0.802276943733112	0.768655056767908	0.796752504457675	0.776723064410629	0.726889326636835
36	0.983750375328534	0.845724908779882	0.786649723203795	0.716304575350713	0.500700308903904	0.409690849712911	0.521125370128811	0.531261824809968	0.548221457001727	0.581470523846981	0.0321790996004411	0.248656660991655	0.258198992584623	0.629452655846647
37	0.984302967824672	0.99251759461746	0.96726738082265	0.886399446460428	0.824764827720669	0.717243466647617	0.811561293558322	0.772510832362784	0.697646875776822	0.553657249210974	0.469224895113032	0.365064723904625	0.729204426732921	0.743867696718015
38	0.984576567882619	0.992205505103837	0.968027132212323	0.893695278404756	0.839227593826436	0.73261662220594	0.796083798886663	0.760625087696277	0.693880634465254	0.565558984119561	0.475845413189095	0.373949403021559	0.70670158464549	0.721293654529639
39	0.989481411995988	0.738975870626752	0.784884796337652	0.768655464762414	0.711921894110005	0.696445057805992	0.597551158911103	0.483788981777826	0.717131100349637	0.72536439088763	0.701598849566664	0.733004859898822	0.712495434076491	0.651355645524148
40	0.989338283774612	0.842872710465472	0.597724356108221	0.524238345601673	0.315458268064631	0.550022478884397	0.629055696384639	0.60245472301835	0.494121991277691	0.584602623592778	0.586248358713973	0.454907199544348	0.268434707346465	0.608755618065608
41	0.984547196459244	0.992329722967599	0.964607361673378	0.665585519734547	0.632795569518774	0.50952868008549	0.717550417927393	0.697692242876311	0.67617657750582	0.655888975815997	0.476085719071423	0.422669806751509	0.669710874586806	0.66777733694502
42	0.989567048677243	0.792270594218928	0.81205560304898	0.791547216180483	0.660624255489453	0.336701657160842	0.480072357917901	0.482613083505343	0.423098911896169	0.521780475349	0.508685955988665	0.431110755290492	0.221020834604169	0.472134593316287
43	0.989871035990521	0.791504661057827	0.865985732149631	0.849570486735358	0.787964174006416	0.84741252610827	0.830535428043044	0.813982269570545	0.767217382834835	0.62962387367701	0.289935746471754	0.784642523268182	0.800907398723351	0.804773000659811
44	0.990132251708521	0.779494913958775	0.793095024948056	0.782576325074302	0.726556752015731	0.709057992363211	0.603065704358521	0.493450971172084	0.693853005796287	0.711419176640213	0.681221996593066	0.715195168496351	0.694880961445834	0.635026350614529
45	0.983928696664205	0.846590213575448	0.796380447457357	0.736514934682585	0.537295253830158	0.384323330605525	0.486531559941156	0.499591829019543	0.519479463626328	0.573285097103352	0.387284378037446	0.33528473084362	0.249620785639347	0.0749526964893755
46	0.827765699775712	0.848011976344441	0.848299317781064	0.773401210835116	0.659134002938935	0.607180269919474	0.702860219176812	0.691552722173833	0.632331725716253	0.601747991187317	0.456885399628001	0.379197915282804	0.360588646247145	0.100409911185939
47	0.989943167569	0.679789969063129	0.863750299868827	0.853015290104068	0.784213157134875	0.826785455379273	0.804944270776585	0.780904836756512	0.720133055895864	0.527823207764825	0.0427222340872077	0.741073381981673	0.763714135429714	0.773455656945646
48	0.988663348939474	0.868685040062981	0.862540916177471	0.841908422148805	0.774899636387239	0.760925478901055	0.656178493969745	0.537221238984012	0.683894656856959	0.679864860824806	0.644013478152079	0.653109606838808	0.621965223986627	0.553564659405557
49	0.984369563297076	0.992820813455229	0.957673932212923	0.770602384859697	0.70424753301652	0.757242805433561	0.709496573158078	0.697883666049281	0.685990314262283	0.651984967145985	0.776005903772005	0.771169396122867	0.739197291619006	0.723637497698109
50	0.989359619802964	0.917327598715526	0.833026632035131	0.824949608380304	0.780322051412984	0.783689064696589	0.745950634964079	0.65070934195406	0.798405867999715	0.799900452475098	0.791087490829996	0.777914552964786	0.760697215927761	0.745952471542703
51	0.989852601541141	0.917355462440127	0.870359675359153	0.849175205760736	0.794561017415265	0.81911010471565	0.782005811185695	0.69966370192006	0.793080258739375	0.801329183399403	0.790290105161325	0.767167253884568	0.739997727134083	0.713658292001603
52	0.990023802240065	0.80991922485341	0.76782124263317	0.715246198416361	0.532863876758804	0.378783151993214	0.522789655492344	0.551309135422397	0.569468860778017	0.600078571206068	0.127972636123914	0.300184904157551	0.300295102341599	0.592250714449876
53	0.782066637160414	0.883021225355972	0.813146855574354	0.557628155882305	0.320090025853174	0.161009985272039	0.348848711928586	-0.333918188087272	-0.174264035204536	0.249761861281073	0.164626830906394	0.287993015207676	-0.242630184935921	0.0167439647365182
54	0.983773971150093	0.992210651210179	0.958325208533554	0.847379997678639	0.79884330800055	0.791389673024808	0.717046128876252	0.669208348775712	0.660486010245609	0.368271237566549	0.204569488599588	0.356551848523746	0.27566666460656	0.275873971939929
55	0.764811109580141	0.883930263821619	0.8734463997843	0.826498870675549	0.694020266278031	0.659390342984309	0.740827578065851	0.754768479950349	0.718479233048527	0.709480488478442	0.607125655529445	0.530025607285131	0.492355605636457	0.336363445835596
56	0.984241859139331	0.992278772358591	0.961498801344091	0.600702754808389	0.544457004034247	0.469292633233467	0.43413933939306	0.430241425963941	0.384059380440058	0.0261413887391751	0.261229059166384	0.358917114913239	0.221079062592312	0.215322338993665
57	0.984856966327023	0.799469788672578	0.768558126599418	0.817267156850193	0.707587203137097	0.539065438536638	0.656938240409296	0.685092396749399	0.653333287275832	0.678642321691114	0.695767443730003	0.680577076115812	0.652445574820992	0.649628737152145
58	0.969162882194237	0.861504315705693	0.800189490532542	0.735769469148365	0.651928189047214	0.628515972278174	0.672127673824421	0.65269263700026	0.584556079164376	0.488501139786184	0.349312287749993	-0.228276555279382	0.296414455125167	0.353949728844497
59	0.990050339339548	0.902937174653623	0.846817717763068	0.831368998875592	0.778965648273168	0.831711465509155	0.825189026676409	0.814857145218754	0.812209490916857	0.764662794788118	0.694999832789732	0.763536962513341	0.756708173613191	0.751918437348006
60	0.989763452426664	0.913035810286727	0.875216499067803	0.857107275715962	0.790524151626339	0.845896933100745	0.836829933016583	0.824955166570958	0.807122843112838	0.758771408564562	0.683043108886786	0.711254341853987	0.703176714669615	0.693245277585042
61	0.985050676799436	0.992279260547304	0.961158966780704	0.793912502450814	0.722691205057123	0.774171619679749	0.723579421382528	0.706907965048679	0.699091368483992	0.657514871430642	0.781283787019948	0.776505870481206	0.751599470343375	0.735978891779917
62	0.990351121576761	0.918551181074931	0.873295571607032	0.852218635716772	0.796160504417798	0.822426539523421	0.787998323811536	0.705733678075579	0.787835677470254	0.796693840309619	0.790193065918383	0.776857115054195	0.760871084473337	0.736143303396221
63	0.989822180424976	0.911056821991634	0.733261786677326	0.726372385541922	0.681819610279307	0.754764185513174	0.737301652554083	0.731242308768503	0.695942791016971	0.638049463144822	0.542874133969443	0.627272701576123	0.581085679168289	0.573084416583438
64	0.984840939478118	0.991681915919877	0.960501359857256	0.819205615246582	0.787500213524172	0.84736081353753	0.832508372445099	0.740996444819579	0.80792612094578	0.778614820511041	0.866739292635255	0.845133341966531	0.782755428913229	0.630142398432297
65	0.984551792006004	0.99262491760304	0.969767295228736	0.782053217519357	0.730880806949794	0.644766248430278	0.830977529812009	0.812869713822801	0.784185260981946	0.749848772576535	0.594543087565258	0.528160276431164	0.739374187739577	0.72907872414003
66	0.98926848589371	0.820167496458912	0.941017659591947	0.925026542661214	0.865202201562304	0.964981321608477	0.958392691965501	0.949391339798543	0.942102955636594	0.885912290171359	0.799713045957004	0.873273364230631	0.859129836055577	0.846154005542289
67	0.989737456656072	0.810198936792761	0.843337083399541	0.826518800632614	0.770891438617986	0.746090345743701	0.635985251027819	0.504137697925716	0.72802905093864	0.741097513432522	0.698952208225163	0.727658839029351	0.701090543261911	0.657599839378535
68	0.984465677941174	0.992512506832162	0.964941202037111	0.755330408521393	0.721534123687473	0.607752551960353	0.757032136153511	0.740985621586625	0.724545525083855	0.682060109359385	0.580532593582635	0.529102200235332	0.6056622869383	0.578235678292971
69	0.990230027261943	0.843995649678162	0.774730299402203	0.718015599684288	0.510856269320845	0.435038790889869	0.540769763587755	0.558478225160394	0.573705019871943	0.618459116013916	0.186450956904316	0.330340770545651	0.312352831282123	0.575676544449235
70	0.80186095813717	0.883470839782577	0.873413303878349	0.833845475916777	0.725585414168121	0.684336545723239	0.802278533220413	0.815924829116556	0.797367683170511	0.798360047336001	0.779433190343018	0.760399521420016	0.756709952908185	0.688013261794999
71	0.985325854684074	0.991691416211575	0.955758150746078	0.877938347667713	0.855720158750033	0.883865206079783	0.847646230432406	0.768693030087036	0.801607280748492	0.738192933903299	0.784658359261527	0.718346514099518	0.613654383220888	0.607233023843826
72	0.984564420532148	0.992663441589416	0.966980201038316	0.892767349900691	0.81910174248157	0.70749302332359	0.810030571299819	0.781799644860118	0.72898010665734	0.619048721107377	0.500288139757287	0.409937098401137	0.438266116149419	0.45026242035971
73	0.989785549267656	0.792438601007458	0.862969679752311	0.817932893770727	0.67626828993598	0.181798761353404	0.391963353400961	0.426953678803543	0.47369110827123	0.558577706177121	0.56240215103912	0.439846869542276	0.270071684568299	0.578979231107448
74	0.989612059586082	0.769692619924289	0.620535016830853	0.557199503768186	0.371100637980294	0.307980321199049	0.401489260695763	0.288203824325019	0.533264983353512	0.587413520351062	0.557920907656764	0.579220604085261	0.572651469029455	0.570630555533768
75	0.989563537550633	0.918735812091296	0.829872827705051	0.805296994472871	0.758605882490774	0.778522030020889	0.753845595038775	0.682611525792195	0.748592369794515	0.749934946879698	0.736309594028075	0.71656012250955	0.70106785424255	0.687984093598066
76	0.824898107934219	0.843062428778374	0.70781784902677	0.512960842080331	0.231884270510098	0.411479511329438	0.438576125539786	0.394306423469757	0.349753942427934	0.162394761923401	0.153601357218116	0.383876120881491	0.723482687124093	-0.0332918181814209
77	0.984807044014165	0.992207782542825	0.965526263472246	0.88128195791289	0.807670587354124	0.670271185275206	0.473113547533419	0.553725276867183	0.517188395787232	0.574791496408312	-0.277385724948523	-0.107953743126074	0.655330916783415	0.682847154758305
78	0.989885649247683	0.696968499625104	0.777361170830743	0.769109537456248	0.609366601887902	0.40415796329396	0.553769530021855	0.551225907895527	0.35347112228584	0.462593447755098	0.442578743378676	0.392624731647916	0.314644544807665	0.502165326037887
79	0.989083001427086	0.910202252716786	0.768034491849442	0.713195958245846	0.542143301265019	0.293661291887413	0.449264403568584	0.45788320160626	0.454829979350897	0.531844429194466	0.512067620236491	0.432076122010319	0.361204730866641	0.514085154772726
80	0.989722052514414	0.916773316966059	0.853447631456242	0.831728673378821	0.776115329073118	0.737664797117006	0.685696514489042	0.576816154226564	0.707607392814597	0.649990951622299	0.587336712544183	0.542731938940042	0.475749655277478	0.437329677587428
81	0.984118290302678	0.95940023713146	0.833968704224842	0.753505774575708	0.64098194249961	-0.385004652381276	0.578818754087134	0.571688830908568	0.46166792844541	0.461331048935654	0.43951037485749	0.468769011076171	0.483135581749883	0.478087725836387
82	0.983944914975472	0.991992551427301	0.958147568992333	0.889107118076551	0.872614687107499	0.929319646435244	0.913276632942547	0.871803469716722	0.889176034447082	0.850159121925975	0.959490682547181	0.950126522225526	0.943535563289069	0.925897178069977
83	0.989903128014069	0.778516701915959	0.678259888725458	0.612617207262239	0.419349256163874	0.472082275878482	0.548290444760464	0.460206082069015	0.108892759216108	0.146858786999369	0.129706476865662	0.0614350186533415	0.0345716175086756	0.230821144656449
84	0.984293438074011	0.993350819583337	0.96780582348605	0.888007149874104	0.812685566160585	0.680638094140153	0.45115704820876	0.534880377877693	0.513520696416159	0.572610706400138	-0.303592895177176	-0.136432351072873	0.61279376162481	0.616911638152748
85	0.989490809690251	0.873830322888345	0.836304209772889	0.82990903930378	0.779312028502974	0.803810080188452	0.767661461039709	0.689054531321572	0.828732409742009	0.822750916165989	0.802679911864838	0.783254168989595	0.764688968244781	0.748602878856508
86	0.989715348875287	0.760709101968663	0.799292242159231	0.778186138897545	0.739445785553398	0.779083748470765	0.74955799362225	0.685907929205613	0.710782019595561	0.71565804303975	0.69905137732188	0.681425073092849	0.662089373105895	0.645705087569519
87	0.989723882778426	0.873458413058561	0.866966896667199	0.842762952116072	0.783338085440819	0.777808163245992	0.692406322278052	0.576221589587306	0.391184013515343	0.361803566166179	0.362562727587862	0.330020641507017	0.289032199561595	0.285769880023174
88	0.984209980268729	0.787201295952439	0.836617731809759	0.784150417670508	0.699302033002024	0.69558535707707	0.770330874893254	0.782029906418428	0.767301512618934	0.769154853305209	0.759414197335281	0.746729205012186	0.744649231751875	0.713966657037124
89	0.989579715199728	0.732328501625746	0.728509556154569	0.717732279378339	0.662292158457516	0.709805867744743	0.663440913957647	0.583632992019837	0.730155312482461	0.732864259679773	0.728895726131184	0.712428341309207	0.698662539940107	0.680184655327968
90	0.984667178671723	0.983547481157914	0.961022945345283	0.856341800675694	0.803747819692057	0.701120360785522	0.712011323136923	0.704069543605743	0.689243959394307	0.647280786746377	0.486947635149461	0.394641297525642	0.503666178332192	0.501594187622417
91	0.989913317932386	0.912553092955346	0.827991471298799	0.793719809128337	0.730560737348345	0.769986272974239	0.754322971874502	0.742441109848171	0.736670839769454	0.68713272864772	0.595515902306917	0.676354390130544	0.661621756939771	0.64218806334238
92	0.990238112707093	0.915278190899054	0.866585523554404	0.84830484206822	0.794554395614152	0.817037227265795	0.776432997092033	0.693541178521601	0.791417742105167	0.797962595325451	0.791647951984569	0.774833563776164	0.757516793039098	0.731598891080162
93	0.984175130245842	0.992142711230284	0.966039146105675	0.88180183569743	0.803488948688465	0.658303919924091	0.649169897157271	0.693747739669028	0.665898172990077	0.752715441253208	0.705669182666118	0.693647822807911	0.658256096008943	0.636521902692161
94	0.989506379198253	0.919656332827432	0.869697493908986	0.850463845170232	0.795339857418751	0.814333457581907	0.777791802426719	0.6908807364437	0.832626937789766	0.822759984212457	0.798943571353924	0.771620499310688	0.739666674475518	0.708613622016609
95	0.989565510887447	0.845530533289338	0.818758673159764	0.776763672998525	0.712152831919712	0.676400366381422	0.799176940730395	0.807908072293991	0.79357345150963	0.804418731801009	0.785864832242738	0.771373958041279	0.767776440126102	0.734925349780751
96	0.989493707629587	0.907947958800142	0.79525968355622	0.764297297643615	0.575854458538535	0.312500676415373	0.446270898268036	0.448871470715711	0.394387003481447	0.445481281391901	-0.0931720797203815	0.261582879220622	0.245302471391029	0.452256298434555
97	0.983917326800739	0.99227376509972	0.965047604250554	0.882578981520401	0.801917115606395	0.661508840092101	0.663380132763891	0.697853549459845	0.660285885224285	0.747131823625667	0.707589766529196	0.687684303803407	0.663243135438623	0.631253762415177
98	0.98392665287706	0.992625448854764	0.969280214120605	0.887420602639266	0.804835858223274	0.651720850625914	0.65442861009077	0.688253827787223	0.639889508387026	0.659804640376996	-0.393388296561834	-0.181285462547201	0.617416473784173	0.653039950252272
99	0.9901715836508	0.752073611648489	0.775837887884108	0.765730221408178	0.718965846921503	0.759860490678746	0.729188031655854	0.646716651543806	0.782501294950624	0.792355985302712	0.778983638027718	0.757754147474417	0.724072276422674	0.694608944701938
100	0.990087232787544	0.912973003913156	0.846256772152694	0.831810942577834	0.775651887523575	0.852546397681556	0.845325265151008	0.832077008505335	0.814453593937036	0.760652143752676	0.681432668216754	0.719412180225553	0.70891248840326	0.70005368686198
101	0.984469042769104	0.992822574495811	0.963673916829309	0.88984104140109	0.812484409101853	0.669653531305122	0.650821662307788	0.687674302773858	0.640783667521112	0.671493766650536	-0.418201579267005	-0.221978275700959	0.578880407012156	0.624920327297582
102	0.989339060690026	0.78458860233321	0.646875320872244	0.590797413612791	0.444183238810925	0.461483813626937	0.57553145036906	0.581438428296102	0.587650459262374	0.569366828471041	0.520941989790128	0.310938768737626	0.183553411829431	0.446843575978248
103	0.989998170450084	0.914550047076377	0.850527539326872	0.828411769200066	0.767149499411606	0.760924934480663	0.728766843272998	0.638944741268668	0.755098185264051	0.714714094159022	0.60259218655726	0.580579211570813	0.503332066953918	0.367842161886456
104	0.984213549632821	0.991824677540522	0.965517799848534	0.890344862464048	0.834936238604989	0.73174506000817	0.812185327017311	0.782519138597956	0.743224151115652	0.682850430651671	0.586508869854175	0.516677029772376	0.462031238238406	0.44343693812787
105	0.989809047510181	0.91751590600244	0.869981341938275	0.846608079689626	0.7817217807285	0.766126901607502	0.661152875477305	0.535008691003397	0.657080559174638	0.653834939204272	0.597185376169528	0.516933765779352	0.280046881728354	0
106	0.985096219939367	0.989917577834394	0.964577431534332	0.8659941465858	0.796697792529947	0.65547016762814	0.660291366938307	0.694676829418523	0.653189749176754	0.733375048339112	0.694303993167218	0.67375626909373	0.642161315359524	0.61132942969565
107	0.990587850653706	0.834014513742591	0.825753442927337	0.781717682295634	0.71631238392816	0.680701189703318	0.804607306274824	0.815743753601864	0.796619405706619	0.800807087756465	0.782951640030528	0.765554845817445	0.75863097040203	0.707313697271083
108	0.790315078588989	0.714757089231487	0.627433304435389	0.516940510398183	0.252084910796285	0.624818222358646	0.773398094960417	0.821915021627055	0.832887924240892	0.830993212609076	0.815239423965769	0.799767175331257	0.796971846418082	0.806857155924881
109	0.989732706771971	0.76752415336304	0.811271081396214	0.791657412669907	0.74966867090641	0.751452897317755	0.67454564491456	0.57062573509637	0.485625442476354	0.477921731617733	0.484435421706366	0.461739249142609	0.453183236895088	0.472962645257096
110	0.984297234505869	0.991522922617932	0.954522586883464	0.881104298828463	0.858224905788076	0.880833381966681	0.850260913638189	0.751344701245478	0.814663715380685	0.784744704600543	0.872525505941218	0.862311719151995	0.853150427892678	0.834603388925639
111	0.989138981804295	0.912163749540637	0.738375375882618	0.70610978522352	0.525218898943947	0.400252979791534	0.488709646686862	0.453014457908459	0.393071224254175	0.451441601048	0.424229036044926	0.398524276864937	0.323511607826515	0.442190372221616
112	0.989875918186964	0.771706628710293	0.838388946084117	0.824473897332995	0.779654634655637	0.76418226357927	0.657018240437326	0.527456719038934	0.715459084390465	0.732572459617935	0.696831837455517	0.735812143309977	0.715510195259107	0.647808500493126
113	0.98423170029368	0.993259696489587	0.959640399626813	0.761234868330151	0.718881214166164	0.774651879694878	0.730328181050378	0.70441319242559	0.701396888631126	0.660350591405906	0.785789788762717	0.778051897280017	0.752782477035586	0.730306000331603
114	0.969564004401187	0.834007696863344	0.837365210477508	0.809794278216058	0.722687182969386	0.78117651861822	0.770668342959173	0.74841047814459	0.714394081325081	0.602279551789856	0.364762757299397	0.49110360152865	0.445121373979062	0.240855662419207
115	0.979749936016147	0.862454306827397	0.786932692094588	0.732151238371422	0.62619328520917	0.609909734824799	0.664421478128759	0.659568285820812	0.625008201746421	0.544680247703216	0.501594584601027	0.348305109983641	0.0789660052845013	0.332523259392473
116	0.962425535841205	0.837268164987726	0.803854720262678	0.76421369892599	0.710319866088305	0.687032888996442	0.81294522580678	0.806079839240375	0.765936513848306	0.77117117387579	0.744000862872565	0.723477226162225	0.727790593481658	0.684814833528973
117	0.989706141185325	0.916438806440362	0.864700607811831	0.845747920949395	0.787595076649732	0.803595471978583	0.765147215758163	0.674556234830273	0.791997003923957	0.754080616396642	0.695002028847739	0.648670688801097	0.600813135835636	0.545974635263618
118	0.983662714478838	0.992834133740758	0.967411757333617	0.86079549970176	0.80370301973068	0.704377869249913	0.788935141008609	0.730358355508521	0.649460717070071	0.498704726722897	0.411684893852572	0.32055023748955	0.625110543772674	0.619439784603788
119	0.989719765721994	0.823906779462919	0.866853124943409	0.850072364547534	0.787355876167283	0.8530051780404	0.838915040465758	0.824474767210657	0.786318026530705	0.64739847583397	0.344523623732503	0.779684304533596	0.798631366689466	0.802934360911279
120	0.792351811483904	0.886233258688938	0.873627654744269	0.735758879730734	0.61310029859233	0.59182098522542	0.583888661611452	0.555818602361313	0.464058544074268	0.163596621050576	0.296483860440857	0.359981980847913	0.104752387111019	0.30920279425834
121	0.989555040468458	0.914020687443719	0.725211226564817	0.698615675813707	0.540041576567861	0.322855114080624	0.457222343151631	0.359073501949265	0.326449791679111	0.346978802046023	0.0221718986414059	-0.239632697345687	-0.189547648612519	-0.00782809470177949
122	0.989038099889445	0.919861096919979	0.833802359225485	0.830008530150728	0.775863283274307	0.763486380493925	0.735800154500891	0.648284698590159	0.81142904646043	0.803313881664849	0.787946471171849	0.770741193307359	0.754034610937267	0.737933401378152
123	0.816642815800305	0.880237657331352	0.871037927766091	0.717820875500994	0.587070254086351	0.568874004253769	0.509744327442249	0.483882248740946	0.355274699350832	0.338050424647874	0.414552786099703	0.380542669661885	0.140642289921182	0.425726203417712
124	0.984256249290595	0.992712995916262	0.966981775178284	0.887712314109203	0.829607360357696	0.724525497316878	0.857864022316749	0.848281327937405	0.82808487792125	0.796811832379152	0.669641305054948	0.606099983573855	0.767668226824065	0.75621503501174
125	0.989542518983339	0.916702383408496	0.864823727529323	0.846614642725628	0.790780148355836	0.812087140892268	0.777469880350574	0.691335331335029	0.814193834072086	0.788866223117105	0.753880521391531	0.72594541308626	0.693403273460847	0.654931241317555
126	0.984290355511148	0.99213494507918	0.964250126349865	0.609116011321306	0.573511092553834	0.490259367722632	0.671093370983553	0.652324120680303	0.570815945753524	0.183061950672568	0.259393005742488	0.393011016423072	0.350856768426927	0.344793255623668
127	0.989759870934291	0.915273712995584	0.867074188998025	0.850708157124777	0.789940031249851	0.850658035653704	0.838265303025495	0.823428024395714	0.798832217057996	0.752133119365931	0.664563441709056	0.691053473654406	0.686237815024892	0.677309465110407
128	0.990014642950185	0.84892315976451	0.861513950879353	0.820087127760307	0.734140089946831	0.695889747559988	0.820819344477258	0.823183963292214	0.788985702854678	0.783814636581828	0.754431166528504	0.718831909787327	0.702888322573502	0.625618116703695
129	0.989231143544911	0.881390006542003	0.866839030616106	0.847759407845354	0.793964339333388	0.812705389163847	0.775799807433078	0.690316648032254	0.831628191722097	0.824069951839282	0.804156064828717	0.782226792068143	0.76446869753433	0.748940827414902
130	0.989315722041702	0.915993433100874	0.870386371000306	0.84709413444952	0.791674358859938	0.818039321750296	0.780250990694191	0.701010047230898	0.733803755675067	0.718205394793857	0.694772427772881	0.676087082316852	0.663131445090968	0.649103463069339
131	0.989869847250292	0.809823202806855	0.868116364049909	0.848806996607084	0.778236913745205	0.827760353663329	0.814302096179462	0.79813037156239	0.740258527332068	0.620554814963612	0.451844067777174	0.394649114276718	0.424843849060429	0.440343195976732
132	0.984572482006738	0.993311531936073	0.969789572670721	0.893906871645055	0.831417702704738	0.727135753832879	0.86316402746311	0.85036227863811	0.827835200210632	0.797856020400922	0.679550564240993	0.617474034597278	0.726015339665537	0.702235102535065
133	0.989606955415199	0.917929417837579	0.787216567702715	0.796550929390005	0.749346511581766	0.708916102054847	0.67946275333568	0.588835102281096	0.718308982656755	0.657357843381175	0.474976196490996	0.513050806443275	0.431203927003794	0.213035767528776
134	0.989642508994301	0.756336542791504	0.817697741880037	0.807979411278631	0.776510416383649	0.806198810555203	0.768703778118784	0.688767797109009	0.771733296843649	0.777826719814518	0.770673153613237	0.760332880459486	0.743967876666197	0.722952757163714
135	0.985346597029927	0.992036039073712	0.955944593095754	0.878525855845787	0.855351560501715	0.87909931017039	0.848328192206774	0.779062390077238	0.817697502286384	0.780115527026525	0.842651541766048	0.831818466410316	0.822021732841422	0.802892831243706
136	0.979448556837468	0.887587594472307	0.875562683168778	0.836590567533903	0.734721631198293	0.689796592870427	0.799393512017254	0.80444600164578	0.761380463887154	0.678324474773817	0.61156739811456	0.402452608010048	-0.120716015285298	0.388819828500418
137	0.990126590195062	0.745890159267196	0.760213704069297	0.723889803561927	0.661360152444141	0.711557075277531	0.662623119740127	0.574495250418684	0.739275559283943	0.738667106533349	0.734217823349915	0.723707364150722	0.708331885135559	0.69607016784711
138	0.984217268820231	0.992388152785876	0.968609523163001	0.889804129839079	0.825942820785067	0.721409174382051	0.747944030284385	0.71670730281143	0.657584653162286	0.533987762120934	0.432423433242231	0.361796360489603	0.619351482616871	0.63909415722776
139	0.975503603505011	0.702294492380044	0.866740514467791	0.847432810358644	0.771870286071655	0.832127574381931	0.815556601078874	0.770988233086432	0.633424625632341	0.409258951061478	0.218878434322253	0.581798816728562	0.611928585771622	0.594891568187237
140	0.989261841646993	0.751347563465902	0.823372772245266	0.811192195815309	0.776975399611213	0.803354419889755	0.764920973352436	0.687103749257876	0.767026436465544	0.774306829630646	0.761284564342459	0.745317474091243	0.725774992511475	0.712585997712899
141	0.98984098503558	0.822908914509679	0.877252594572402	0.858175618967064	0.793624710502565	0.847893353446395	0.8388022997138	0.827061168134416	0.819283871527464	0.775746138800817	0.707258860426028	0.767806159488534	0.761766206539333	0.753307843164429
142	0.985005069338795	0.991482473741503	0.956328872255731	0.878276274443303	0.853078820566282	0.866970777985547	0.83078812865158	0.761138112413447	0.787612635769243	0.70731276001792	0.713134375061685	0.699287539616574	0.704516844537896	0.68828535267151
143	0.984739273177844	0.991968463936812	0.957883870979401	0.872709218333762	0.850653992079102	0.870487275837831	0.841753298256284	0.780554273303586	0.813614163967549	0.775015334976612	0.844343894811358	0.834345690754181	0.823283803328014	0.801718216214585
144	0.984831562062603	0.990834912249483	0.964302696300307	0.880950913389579	0.811884805950913	0.718494277145481	0.729738024371052	0.724187320374028	0.71466079650047	0.6705083323197	0.567693666880951	0.530590428265729	0.686462164365002	0.679093837518742
145	0.9846174966117	0.992469856409902	0.968909755597937	0.877344110193755	0.796119658122451	0.65055628707063	0.625467271611515	0.67030716282052	0.636113962978865	0.702217886849256	0.651985213927526	0.619333357580826	0.556826982211233	0.547567520819401
146	0.989986010116557	0.798057704960524	0.808086018935659	0.791279967021139	0.645945083236838	0.352251296782062	0.508192306817445	0.528687829049056	0.3834172791111	0.489197707755234	0.465645707114701	0.421463863585885	0.345590759829741	0.528033785792409
147	0.990342447897362	0.909224621959715	0.834203207929772	0.810528591587267	0.668525696596997	0.269136771312543	0.427977182149306	0.369396873623022	0.363622755876534	0.417482283432886	0.424329299502532	0.388207650737033	0.402377728124934	0.357555076119484
148	0.821977459620794	0.88516746226383	0.863655188049063	0.821763553414455	0.729666010737981	0.696558241590861	0.81343076140689	0.824178138957202	0.800045269908728	0.781063031062529	0.761931802089691	0.737408976229276	0.738492363390356	0.686233999120903
149	0.989951766295416	0.834751523571642	0.870753353453788	0.851805312262184	0.793355068074353	0.856904562805197	0.847807277154828	0.838724232116277	0.827142720040334	0.779574649201645	0.704423124261215	0.760165374513456	0.744813264808709	0.726494709362283
150	0.985045440738472	0.992192296648366	0.959372808845564	0.877228323716055	0.853552539252143	0.87643141797765	0.848955467544566	0.758626121973157	0.820276764522651	0.786273719320152	0.872146691908967	0.862584443375212	0.855405501767268	0.837290159029131
151	0.990028598751437	0.804810907365295	0.870868613523649	0.850310083654811	0.785949890469652	0.8538855571019	0.839673136191438	0.82192159348957	0.781335869575479	0.64119051257885	0.332684212865227	0.781036713635379	0.801740768933107	0.811402803386892
152	0.989384376684404	0.667123058355847	0.600268905649174	0.46651575832051	0.500449284345466	0.733069914859518	0.820653521009857	0.849794377193093	0.861936788003595	0.867630700156231	0.867825259785248	0.864384211347948	0.861892387499063	0.859996433120438
153	0.989436031902044	0.839945144127874	0.858111091918842	0.826535524653992	0.73432815765311	0.699587439578188	0.821962026276913	0.819476338184185	0.792620597041039	0.802739702238849	0.786250253422485	0.772058863310332	0.774028853000254	0.710975282673281
154	0.989842223271155	0.916667229158868	0.867440851418842	0.843901546347891	0.767547960659816	0.734404282706002	0.63890813488324	0.49408019449641	0.582395881018465	0.625794634666365	0.581503739429406	0.638421510594908	0.603681660982907	0.524857940524735
155	0.990831934931294	0.916838492234174	0.857835042950379	0.834641819880108	0.780062589817988	0.754253507956537	0.710357619793416	0.605803180607715	0.76285612329457	0.746160037687093	0.730930883139495	0.720596402263706	0.705894271564722	0.676644997822314
156	0.984579102611159	0.99268604371156	0.964134181759707	0.871731694861515	0.807921133994258	0.693777058675493	0.834175507116331	0.817802018075789	0.793913442661574	0.757308866911572	0.620498162647603	0.543671938301824	0.642983553807782	0.603042834668811
157	0.989470021492855	0.9162579287292	0.743212808528262	0.715487623203284	0.564097590082635	0.281282381171881	0.421432618885149	0.331942000647839	0.339448496718943	0.387088954059748	0.373652474080175	0.337120167186777	0.343794282940184	0.28705530221449
158	0.989959216865801	0.782207488351927	0.749270335112067	0.736017507239044	0.588162566443076	0.364827056673548	0.504556824520873	0.512376928366429	0.47184575343916	0.571659829105472	0.582829923804108	0.504974489120003	0.314267642344542	0.632242850557745
159	0.989319059697772	0.917186027986898	0.861334836792323	0.839474145661269	0.783664496404672	0.739150093930327	0.658388120077745	0.554185515282211	0.470442482605335	0.457539145525162	0.468627189245988	0.439171307160675	0.426732860361237	0.443058677309212
160	0.989173927063007	0.918236753780763	0.838415653841364	0.832067248763182	0.780112824862386	0.806231723349792	0.768388770758488	0.682794283759343	0.831596370854627	0.824558135644919	0.801906753255159	0.774933741385572	0.742425410658358	0.712389859131861
161	0.989629538497167	0.74589359601676	0.742517770950332	0.72501485240178	0.661224055684514	0.690262340902317	0.628147803014323	0.525829840958998	0.65650054967088	0.637311576167014	0.629456761215244	0.622609478153514	0.597567970205478	0.581109928067653
162	0.990064041213402	0.916448276746284	0.859653156614012	0.83587787218366	0.772943696206709	0.758077387418689	0.648080589086924	0.516383016997905	0.71970640768237	0.733561674105986	0.706638607919651	0.737075996615951	0.708470999898891	0.639790712346218
163	0.989937601062862	0.91469557151606	0.74191997259099	0.710967517559369	0.64050195734016	0.568109901817462	0.512985709325583	0.424828101781674	0.465717670159125	0.481203962759271	0.216678386940825	0.404463018394137	0.344515902949054	0.224838686575492
164	0.990265819622014	0.836711083310087	0.814655717629409	0.769257234879883	0.705826215304563	0.674110669895286	0.795912996024987	0.808536102562797	0.795915891991442	0.799197626837354	0.787370744865449	0.765711341291985	0.754207778185094	0.732951308241729
165	0.99029373781366	0.862250520744385	0.824830419460214	0.778287815630101	0.694230636383724	0.661529649984545	0.771760174105111	0.756208894524817	0.722101066272809	0.679386377817414	0.506364603394202	0.542159026816026	-0.439531357279563	-0.174062433438732
166	0.989808297143066	0.840021247155286	0.817574258948522	0.775866374896749	0.721175669241897	0.69411405963391	0.820379583415277	0.813526586246581	0.774768141239795	0.790720710266398	0.766892188628956	0.740424210531709	0.729716040218471	0.645665987461999
167	0.990112447927953	0.881647872212791	0.818111860530784	0.767245917417259	0.649695253528051	0.560375995811395	0.540676419935421	-0.277613371838984	0.589960206447152	0.673372780419705	0.629741990582985	0.674833059013131	0.646918215798974	0.568709216420802
168	0.966134509134498	0.883143213345171	0.871635668371265	0.779271931076825	0.579437095448443	0.372438539190517	0.476604531189568	0.510184652327266	0.493424574106846	0.491160936309729	0.5128503599409	0.344387139974511	0.169750476072782	0.265583264971959
169	0.989952744500839	0.76183374887214	0.769867705761063	0.737066829509434	0.660205783206532	0.693251267517583	0.635534740522323	0.547778930963324	0.692557963733532	0.678520771191678	0.66524269075113	0.637609702730707	0.616090781744458	0.580272312308554
170	0.511767097199293	0.836722099620984	0.853189518022218	0.806620596186187	0.710700906740524	0.702138068872222	0.76532860848484	0.764069256938046	0.74765909707322	0.747263317571982	0.726117280080792	0.710525078373624	0.712675597943072	0.670558821602445
171	0.989575856702365	0.878595852156674	0.871511019181494	0.850709824939086	0.783402609465218	0.764525939217696	0.672700339141238	0.539333065882749	0.655021878714136	0.674050200057187	0.635297358586762	0.665608790355853	0.623554960379678	0.546324429072963
172	0.984313704615901	0.953079816210903	0.809715483376785	0.613226504027449	0.484496725649885	-0.245619927131352	0.571672738499348	0.502446955710729	0.372785793784834	0.497481414773122	0.487875625907136	0.40182340076475	0.490760702496793	0.50524680862376
173	0.989009637097686	0.879444164176887	0.858303105141744	0.816236122691551	0.734398638528199	0.705446288018438	0.830279302496608	0.832757150331359	0.810368386193781	0.810774011258073	0.795751073929755	0.78301406565734	0.778798857406083	0.716405862095997
174	0.989387176720754	0.914698623411088	0.785543692717596	0.798304579810126	0.748480035169736	0.707007314226716	0.676931444654964	0.589167266970743	0.730974787278723	0.675688292168565	0.548759719125122	0.559683793994469	0.49394780271064	0.35484924102719
175	0.989950872352374	0.76509483323622	0.832940102135682	0.811654028910039	0.759563118696914	0.72725333856716	0.630038960313705	0.50441833575375	0.703753267206046	0.720286793551564	0.67118630529524	0.71862665610612	0.692897747551404	0.599006624581723
176	0.989411080997976	0.917000259904728	0.865410125209226	0.846991011774732	0.790563780440831	0.811806588040913	0.778807807153485	0.693090080470144	0.727535992156292	0.696002354811691	0.630196749271459	0.570838058384682	0.50007519314947	0.403042427789647
177	0.984080771667181	0.981738909372382	0.953549649152277	0.700734875912925	0.599734286443977	0.4746705284482	0.73566971789519	0.751556139538419	0.722195400616522	0.696872432169049	0.734635991793633	0.724619718124495	0.706071715724746	0.701303442510959
178	0.984459453357624	0.991802830019187	0.9635839763348	0.810258735948724	0.792402166444655	0.701183292694104	0.851520423755135	0.843564359721189	0.822514991944409	0.792677326160885	0.668960940810009	0.60825409189198	0.736064731384859	0.710526772331447
179	0.989804211779783	0.819044837133616	0.808244063490116	0.76777351968373	0.713516725931227	0.677571743337213	0.796225900159381	0.794857921587987	0.772810515500616	0.791850882822998	0.772043084257607	0.764181531587749	0.76872336335434	0.708339658163122
180	0.984343165437519	0.992591735660471	0.96251830742369	0.643719775447553	0.625865375131999	0.505604998082839	0.724737614916918	0.708686927528459	0.701481410732081	0.682179243829917	0.515751111831257	0.475560271264006	0.716203022483384	0.71006011197645
181	0.989886264051878	0.90517322576488	0.550707665196483	0.548011297007053	0.390750707969936	0.454338045883682	0.532722723166623	0.494980150305375	0.481138141699071	0.534547236205192	0.488091765758278	0.41283848045634	0.250874006266742	0.541890352172394
182	0.989897082894598	0.883846411544887	0.874693110677095	0.831657611041763	0.736830942290706	0.684586984169644	0.797414380006133	0.798579683520606	0.773129230830831	0.776728498287036	0.748750815478578	0.730259174423974	0.727758586670361	0.68131091705247
183	0.989971139757478	0.883897880725153	0.816605248911379	0.76382151071101	0.661547529475568	0.564223860723381	0.547760152623388	-0.306129961312372	0.559996573606969	0.648291109987631	0.624893659936204	0.658501318474375	0.634111180326622	0.568389003704186
184	0.990178241472957	0.888250539080681	0.872419554198589	0.831460534331545	0.738775452079485	0.690352250937327	0.814620385097187	0.821953178013147	0.801034426380698	0.792318354315996	0.776792030839774	0.754789249720826	0.747025308759981	0.688804264048566
185	0.990051975584208	0.917419419307173	0.859646007636894	0.837004160878907	0.777271350209695	0.756207301749838	0.72423179355474	0.638365005983306	0.80598778723425	0.79793063128221	0.773120955524833	0.764012622079521	0.748890291092915	0.730773633838392
186	0.985029560938555	0.992378062908455	0.965146018294443	0.88624936631191	0.816875956298811	0.672755225880961	0.616592385559358	0.644657740638498	0.58941996892042	0.658859590475774	0.652507626481756	0.63801125445519	0.654516434000961	0.655641920308137
187	0.984525628936004	0.991561348162441	0.953878808928447	0.88518478216944	0.858598781455487	0.88106484765425	0.850893667747981	0.758119121098585	0.810161223851021	0.78188843493907	0.875026438165707	0.865906318273326	0.85586108824848	0.838152833561867
188	0.98479829647039	0.990161490790421	0.952039396874609	0.87047102562747	0.84624133163427	0.853941054029703	0.785045958205657	0.716575546660307	0.717763586664331	0.516078329783425	-0.12209094461303	0.0364163460085829	0.0107612138546995	0.0454834870417079
189	0.989707582110554	0.795857923633192	0.672015773785797	0.652574688763478	0.467593775551677	0.550298887355987	0.627577402114934	0.624490632902224	0.621998828506751	0.673428429571598	0.505422021377663	0.541521989685025	0.477421601644038	0.309921088672995
190	0.99013650076109	0.843922063776116	0.818837170439935	0.7579021967835	0.648515433428285	0.549508629342463	0.564070888663166	-0.335771493713167	0.468869317549558	0.584199138217061	0.554729719149948	0.589267779161343	0.538583700873784	0.49161529150119
191	0.984410987924215	0.991800854106477	0.957314531324602	0.809689275187823	0.771807497107576	0.839465569634877	0.825557585843206	0.752592344223498	0.807282795022397	0.780371546357903	0.877240708141517	0.86680513362595	0.855706669786114	0.836056085919185
192	0.983576787979529	0.797315115473269	0.838594678644041	0.809304410174827	0.717996726425141	0.694299162869082	0.805240134359721	0.810342881719115	0.779814637721868	0.754339332783017	0.72606815605897	0.687170411282108	0.684300095628862	0.629076866580857
193	0.989821676881134	0.915455149770402	0.86101895967414	0.839913580650211	0.782912598474629	0.774915045724784	0.682016081634825	0.569644082395076	0.447652162858968	0.432546687593515	0.449306721693755	0.417310548395987	0.405333691139749	0.407454146675163
194	0.985161592155805	0.648838044660119	0.728110775100542	0.698198549824137	0.597684538705023	0.563514690721618	0.533338069314856	0.512632689644001	0.412111122032068	0.250340007022288	0.38325305719309	0.442735568214285	0.397313780475127	0.444562553737212
195	0.990148211520582	0.917336151610028	0.837998642456745	0.830146563253214	0.779040128333602	0.795746190639928	0.759200954419073	0.672888155503573	0.827872311029192	0.81859144668776	0.797614575733095	0.77622427558641	0.756699305718024	0.737548734338135
196	0.984381717695593	0.992734307638029	0.965195698105915	0.659783671375437	0.243027697618265	0.676456317059943	0.825017274956171	0.87008466554435	0.886804022801073	0.891624231367563	0.887628493335885	0.883206696975171	0.87844079422361	0.877938546724753
197	0.990260027654471	0.840329834512206	0.749710394139228	0.706565641135017	0.540602404454676	0.360493459096114	0.520785555127077	0.426529076265377	0.324715879199892	0.349194706699552	0.301617751851287	0.228374283931026	0.231918075019606	0.151943249263576
198	0.984702663035485	0.991543120090532	0.959851909283304	0.614867142288928	0.598664382121798	0.488223768347992	0.687249941009395	0.669140373401602	0.656273173153656	0.644807267222109	0.461683942085633	0.411744010502256	0.648192004839714	0.621063976370631
199	0.989770097584165	0.918564411678636	0.71766765048831	0.720554367693878	0.673083462974074	0.681732616116539	0.651729577359686	0.576298110931933	0.667682607811042	0.63128217928305	0.559980655869505	0.457691196593272	0.367084302033873	0.255525696020197
200	0.989989005637785	0.752161722177616	0.803395443676662	0.799273908644086	0.752248086763352	0.724832653164052	0.613503768345304	0.497246836266726	0.713106287796057	0.72543537896307	0.696784321545593	0.727341877762582	0.704449762707449	0.646588850880258
201	0.989872357851457	0.91627622220721	0.799942875940009	0.799882836077134	0.748480604685398	0.708559534596284	0.68307256033234	0.59769060267513	0.727643975206863	0.681367959384639	0.551442539676162	0.563487680670043	0.497759817127566	0.352505431766971
202	0.983995371145978	0.525443858275352	0.540969968381651	0.407970441084829	0.259431795429413	0.0564782890266715	0.729201585140384	0.744900283607284	0.71503341423502	0.5027197519996	0.592814980084989	0.557589758020611	0.597268133343984	0.60435540505746
203	0.984922896498283	0.982619218494033	0.949853642559059	0.854022103456003	0.842812328281686	0.845622848944651	0.763258895427829	0.689803823307927	0.678107904394497	0.34663317138816	0.245434821577074	0.38073214292714	0.282030194007074	0.272585777974753
204	0.98466125226894	0.993097832923258	0.967489559941991	0.897374029436895	0.835481532036686	0.73097615700951	0.835119485188435	0.821936395746289	0.801407497881	0.773105403394445	0.647183762896209	0.589621649725753	0.705579776420207	0.684179961868222
205	0.815453989497729	0.841813814557449	0.811462985575819	0.779371207458418	0.711151432961916	0.705064471743328	0.808969277626313	0.820055628679963	0.807824031515999	0.804758355415946	0.795869609996035	0.778771603541831	0.768884368515945	0.737137347335971
206	0.989778974040784	0.832685681328075	0.806260380233459	0.767491601292407	0.713794202312235	0.687846600065396	0.810049934704404	0.740411943223015	0.603276071366595	0.551550768519296	0.506600922101103	0.471174443254662	0.483974985042603	0.467961116489307
207	0.989288811679673	0.917796924065811	0.859963952958377	0.837362696570945	0.786908316122836	0.793427420917029	0.751991342573722	0.653238713506752	0.791853804916884	0.79925137561977	0.791423437363379	0.776909721440207	0.759168820941855	0.74495587636229
208	0.985057393680675	0.992178580797381	0.962378065557784	0.715339703975673	0.602630908889102	0.473641944183306	0.693158213354091	0.678339328978104	0.600778697203395	0.259926773635936	0.275914222324972	0.414077164425822	0.393598465139156	0.398634374994125
209	0.986399298949334	0.799387878331479	0.721526671480382	0.593083747048624	0.360841662702949	0.281200226314336	0.338695470132082	0.284514573134743	0.169756389902863	0.474530824004281	0.487902559047296	0.191938656199068	0.347719109779818	0.382940161056775
210	0.985253103176694	0.879028219178356	0.820652182251211	0.779221175544173	0.718722214925184	0.699998558455259	0.8288463462973	0.828041381816528	0.80349018854396	0.803623160561423	0.791225741603237	0.770723338715769	0.759153505860804	0.734266270828837
211	0.989719318569222	0.821362558105567	0.76477503183348	0.705423465212523	0.613582400499389	0.518492617285152	0.541004507322136	-0.296272517762585	0.565179393548759	0.63801895552303	0.615246877949948	0.652246122900522	0.625998226355332	0.546868250600519
212	0.983938189207384	0.865734398214343	0.845377515671121	0.878007702385607	0.799768920152992	0.660794052875266	0.663921382995667	0.692626934542814	0.663753350077475	0.740315270787157	0.726113350879762	0.720424976474999	0.716395821412379	0.710985462818964
213	0.990013093941942	0.914849719015914	0.790230675224219	0.780018556542921	0.720791797475993	0.749088935590024	0.712236197026311	0.627655695968154	0.784652847922553	0.775465570477453	0.759227828161749	0.73806186287563	0.722633534188626	0.704538285508678
214	0.983747706445632	0.991933169852721	0.960214873138117	0.73039934705996	0.600038552383724	-0.375694399620605	0.57261378474192	0.576482427964303	0.458834782540227	0.478313111873296	0.461880787426356	0.50203739518044	0.499601899089482	0.498865394098778
215	0.989948755018999	0.917282515238019	0.749815030114546	0.709684711330317	0.640823384243264	0.686292722041055	0.670526417830925	0.655032547624395	0.632701494998877	0.581335067215793	0.502310918863192	0.560689575980065	0.497480588314457	0.426116745224808
216	0.984235479509252	0.7915702790231	0.779715910421188	0.577144340691219	0.378244778421635	0.239831562428633	0.534475905934004	0.521026322382168	0.481624769356928	0.32304204391623	0.336186994800666	0.431335389342761	0.374211547798505	0.378621678442218
217	0.986245560572405	0.654696375414298	0.566304077521164	0.408785351157464	0.168467337469996	-0.0243882716844565	0.527849674380371	0.472791986075557	0.323071444984987	0.543396239788427	0.528531105328438	0.391543429552751	0.513828562993033	0.500087700810561
218	0.984679351340576	0.992125975211215	0.957519382414994	0.718194608367985	0.581087169575089	-0.359470547234164	0.588742518492816	0.603438153389659	0.532574827686409	0.405713902150203	0.442574721556029	0.555302454160046	0.475035112845318	0.458653924980715
219	0.984327004551268	0.999020026542708	0.99242277112506	0.924989390445854	0.876670874160049	0.763529640711262	0.93465090932133	0.922478303708731	0.901661436177351	0.872373854529773	0.724946768926939	0.660794712906253	0.858098017637672	0.835626733618811
220	0.983248616717721	0.813094765212611	0.84846257354171	0.676535529126615	0.482016422620289	0.29541252577796	0.610802967113178	0.622640871528921	0.561292893837749	0.320448892177715	0.319542907770709	0.462667038785238	0.412685691641539	0.416122635797161
221	0.989699789223194	0.801487364679106	0.645559929824603	0.644880393097629	0.45587848762475	0.506973149866207	0.598611663879678	0.595689128864462	0.604518795336883	0.65001023636019	0.620157762592805	0.466795375332447	0.324976859496813	0.597613480393779
222	0.990068181841176	0.919447206145431	0.861082143734831	0.838068239418473	0.779761764383751	0.765795774092878	0.73973806238732	0.669213944689106	0.809845219974131	0.803202936224571	0.791024515984345	0.769700404340241	0.750629404580938	0.735248551613714
223	0.990215412834211	0.604397493438696	0.569584964179513	0.420141142220226	0.50818266876028	0.675697840028905	0.788021711357656	0.826465069227898	0.849936649992101	0.856078525197771	0.859062808955335	0.856807338100439	0.855782758241508	0.851379588676886
224	0.985052048817641	0.993311150648594	0.969709119326303	0.890866243128292	0.81799325581182	0.699618534339794	0.847023209394025	0.829253279408986	0.798944810110529	0.766098890847754	0.627766609890153	0.555725115885405	0.672581515012337	0.63470047216369
225	0.990224605344638	0.81967373423173	0.811005488445879	0.764260454892449	0.69876442145658	0.650002890772687	0.762970622518344	0.760862708626096	0.732921183449161	0.741464278336869	0.720019969781097	0.702104772473218	0.707597316638876	0.66437978285105
226	0.990179179276997	0.965694306125951	0.957618052656092	0.918733594024884	0.83416810812372	0.802987321636008	0.941833386007101	0.94901080269674	0.928364367068753	0.931593052518067	0.90989461172318	0.893224000548136	0.897737147713877	0.840324187792853
227	0.990067887403775	0.922218820109005	0.872086877035521	0.851833577798557	0.79236019103973	0.817720075847657	0.779244691356073	0.697181557544281	0.793496652934468	0.791573103564089	0.774293868610842	0.753620643292466	0.738230974553919	0.721998093683284
228	0.989815010112215	0.863707374545109	0.821723795740292	0.776777116309532	0.663313514449223	0.594095421548767	0.69577743208233	0.671470355072616	0.601152802702106	0.5379106388853	0.0911928987677033	0.26131210962477	-0.105748253429647	0.419665340410995
229	0.989563358948958	0.915697005967598	0.787540281258953	0.777267693846253	0.719992840785213	0.745981167039635	0.715577458852403	0.633697844307636	0.787361261248722	0.785651828456384	0.761191944516366	0.750836424654678	0.732423705886299	0.715457623253381
230	0.990594011665085	0.915537160055977	0.866435902513481	0.845154501425527	0.78982570001848	0.808841674615142	0.770582131928903	0.685604935635288	0.831513917215043	0.821900545208536	0.797896392049142	0.771343462547519	0.73599203457581	0.701736606463964
231	0.982952425675718	0.870506555381117	0.871603489719683	0.752287227235282	0.513187548187221	0.861908397092906	0.957538432314493	0.981121699225893	0.988863314582893	0.994440909777628	0.995334926620171	0.995508653262381	0.995506058228131	0.994601277745985
232	0.98999033653626	0.810122252651028	0.803875166646658	0.761717100650655	0.70633974183121	0.679609403328957	0.807761757232209	0.803600046470046	0.785795464838216	0.797808335773793	0.780954420684931	0.765696416741992	0.768935453244081	0.708275038379111
233	0.984484793474929	0.980898578389268	0.955814441922788	0.853920635992529	0.778306301593902	0.607679591081363	0.789570227714495	0.809209013989405	0.762707574604757	0.760982289433749	0.805545116992398	0.786446787927557	0.802518303475074	0.795634477677055
234	0.990174282798559	0.92026374128798	0.725480194783889	0.721410852092368	0.675010308316255	0.74887783552099	0.736915577398085	0.732070871143125	0.715050303557323	0.660601973326376	0.580530960007577	0.676682552875607	0.656334405356057	0.635346031669251
235	0.984888149349375	0.983459708143911	0.920865391551802	0.758199364468279	0.330561465884923	0.70294966283516	0.818137810792921	0.86917994678302	0.886682817978467	0.891770164824605	0.885737782755214	0.880288367072731	0.876652826635502	0.875771514113766
236	0.98521240373274	0.861826662208671	0.83408230984498	0.790849726437217	0.755742853042942	0.654181002674821	0.655451487769702	0.655887399911177	0.642625671358882	0.628595885780823	0.499651670063741	0.438314856151233	0.641295716396617	0.628547806652096
237	0.98987105050843	0.919921056719793	0.848535106543339	0.843891977351018	0.791725871508621	0.806670183824673	0.773460531487443	0.68890921450296	0.844445052445671	0.834427264350115	0.810491455098879	0.792135986040363	0.772312347889016	0.757870100773153
238	0.989907865587339	0.958198694124579	0.959122266884002	0.951418902459072	0.894639608849328	0.932244721346116	0.884493181442596	0.787279943785215	0.960212318739831	0.948076012131894	0.930855183018723	0.910743775937593	0.890437095806582	0.871682622141687
239	0.48722603133075	0.855104456505234	0.80265321008602	0.738541713830744	0.532322141966649	0.377648689575004	0.468259058835034	0.46602300427897	0.48224766457206	0.515378427962904	0.384025491963679	0.301297453968559	0.210537191260759	0.0316868777368185
240	0.819598386497061	0.882251323982498	0.865555909300574	0.664941845484741	0.454291633714997	0.259617596905207	0.600257346408108	0.61365733503801	0.543534203504998	-0.0864527697434321	0.15885941493934	0.163136303576742	-0.150185983110656	-0.160149119440936
241	0.990190402513293	0.809626025528694	0.794460552340642	0.709190403749271	0.521474618282034	0.428841309411767	0.545603989342825	0.554283456933643	0.559797184614701	0.607685622508507	0.481868578490319	0.50378813464711	0.418902924271906	0.471216426298709
242	0.989969572021492	0.911772862119482	0.806383692250819	0.785879116683658	0.719691422030541	0.727311318557897	0.695314816976826	0.611357748974684	0.701605511282484	0.665919196497883	0.503188259653628	0.527556211955569	0.455021168080089	0.27770818516129
243	0.989966669948113	0.911740770007834	0.85125556232781	0.835598832993434	0.778533374673986	0.845302915266095	0.837887638603431	0.828088186172787	0.817375164621929	0.773057633135206	0.700575929861922	0.759718631050018	0.752112607438445	0.745695595203042
244	0.98997276415626	0.838257172526711	0.822326525298678	0.754706098212957	0.148354609132765	0.589520001838884	0.738973728874452	0.765308599936829	0.780579162909887	0.797516115649635	0.814936657590456	0.819759188279192	0.823166247601145	0.829560592498772
245	0.989881753948764	0.914605491668163	0.858846876276991	0.839972684423571	0.788527369534897	0.810505377182017	0.767057232947417	0.68435430672999	0.77112648149978	0.775936975635965	0.762403644540705	0.74533322214375	0.727541121550385	0.714281052110072
246	0.989777761341216	0.908586933176242	0.827480925863748	0.756896766057483	0.589909458148355	0.237973556381568	0.387514257005433	0.348148310376136	0.350895029012513	0.412592587625679	0.380145027430736	0.308249736813465	0.252187352471506	0.410159778831422
247	0.990032319704783	0.912500442140019	0.807821851811471	0.788368254882067	0.615962837976034	0.522440537722789	0.65144791261801	0.647987468246918	0.614801186858203	0.697465303690644	0.664192408179161	0.589021296282957	0.476181060627348	0.66316085366458
248	0.989781355113918	0.914594320417492	0.828115342516989	0.819033243426475	0.770185579238307	0.736080031643306	0.696655564057875	0.593141813428375	0.761130645666212	0.740062974823909	0.720610709593191	0.709062016118697	0.697711219049744	0.664872100191117
249	0.98954884946237	0.914176379721302	0.869063884291356	0.852481013374623	0.791937056557724	0.854651578624977	0.844390935782696	0.836677459583176	0.825055006997509	0.77856243735316	0.707041476599656	0.773873601317996	0.767741551701548	0.759166335694556
250	0.984394467609864	0.87170729925576	0.848169289942079	0.859327710541602	0.80650595261294	0.702552306855098	0.822687792184567	0.806157835279327	0.784382252879258	0.743753460598539	0.634602137542918	0.566781087671864	0.678445496774328	0.660774458521603
251	0.990045663799352	0.832983947267238	0.787101500642127	0.756818657157426	0.689408544139818	0.642491103696469	0.75269297438592	0.745138980365005	0.700317648886026	0.670577457367835	0.621119545543427	0.577696701159754	0.563891365272911	0.49342391316775
252	0.985699582277566	0.992147461609308	0.961775079593675	0.714960234294222	0.620229464951499	0.499933129543115	0.716452212584548	0.734942900252807	0.696946262385026	0.675624769765085	0.705225630912446	0.684581309536097	0.65015821666648	0.622556587628511
253	0.984924004388796	0.872269568607481	0.869199809674521	0.826450864580289	0.725244407204729	0.69420501957002	0.796444903108489	0.769330498544029	0.680926737124841	0.590878904609337	0.560650852197168	0.443557691957741	0.495235591140169	0.441925936789603
254	0.984461852099772	0.992433258893269	0.968412798402962	0.895252341046166	0.827993292027342	0.728186772777864	0.73337739694815	0.734624636425943	0.720378476170129	0.686442278140864	0.544660359580355	0.490861726089159	0.678336766010028	0.650307617671055
255	0.984886762304378	0.992003059853523	0.96633457516798	0.887412902372744	0.818721224217619	0.671939199518506	0.505193339827961	0.56573273475642	0.529305100135116	0.65083322740939	0.594543429629877	0.5962659365738	0.566823893191922	0.560406902644133
256	0.989987561284686	0.917114130845717	0.757622035839735	0.727234948397294	0.663401158531065	0.601904269889833	0.540780472246031	0.451428498125211	0.207300827209563	0.220318965904781	0.213318811198256	0.188933766860135	0.169139637416561	0.161374842587218
257	0.989632011882365	0.646651012004124	0.635112015287057	0.566371819400797	0.366567256609798	0.444413056073106	0.51222529607628	0.437190596860583	0.0490770192056696	-0.00910251818816257	0.393489448021333	0.0898777854935561	0.158995727754255	0.596066053035809
258	0.989675317102957	0.805308011694257	0.759966815981062	0.751012666678074	0.697711309841689	0.64946349670096	0.623480496732295	0.546924045767693	0.656861965808893	0.600277421228193	0.498594918841297	0.460700483077485	0.382121642913664	0.202452796413337
259	0.990706129689398	0.914348531247785	0.810325481579699	0.799908686490164	0.758074200117184	0.830149043414426	0.824238839987503	0.81348271352743	0.807340954911523	0.769703299594641	0.70014693897845	0.77168189252865	0.763648106231417	0.753377148829722
260	0.989312089524542	0.837145877229892	0.813643929975045	0.775557721621615	0.718131304800151	0.699569466900747	0.82632034546259	0.827049373225465	0.809563785313727	0.80903722210074	0.795702551354334	0.7785978006731	0.765418460686496	0.733703662581717
261	0.989748816666788	0.915533616332536	0.861440899688509	0.84094533450421	0.785191381558957	0.803939161520208	0.765049965887114	0.687518677459909	0.712887671531705	0.704705996908344	0.677386068937362	0.635004028120425	0.603847170458122	0.553170261582876
262	0.985050506755762	0.992174396940395	0.967205190859202	0.89484012122129	0.826653111576611	0.730489776100918	0.850976067869421	0.836166508608475	0.814575007689704	0.788354403557203	0.67092147319456	0.612414434937992	0.700236192615781	0.679982712498652
263	0.984623728320939	0.777389520361594	0.769041947242048	0.66739185811449	0.58869157444132	0.588848028663057	0.529706530180208	0.499004222497422	0.425248654856471	0.149064161316815	0.307849521794692	0.439731210400969	0.402821175950051	0.402464240199698
264	0.98440342236423	0.992661507425628	0.963794051122515	0.652711657836781	0.595134817412701	0.502179476320174	0.700118958022258	0.69168123707804	0.627862365604309	-0.178670158517877	-0.144274639056055	-0.0414551030330896	-0.0948836375668963	-0.0812715081376636
265	0.984368584211367	0.991939833062452	0.964781499656153	0.878457418193027	0.81106620717924	0.696604839496326	0.824795013547796	0.808942422992593	0.790664844068462	0.760705813757146	0.625185166716607	0.551831535089417	0.675845324766675	0.641979957602791
266	0.989792340236899	0.886338342165799	0.863193739553945	0.820002199797138	0.732327861597763	0.686705172912581	0.81003193586455	0.822646601326769	0.801322349945985	0.800243103844963	0.786903571699056	0.769132321984491	0.760704961834791	0.725385398916451
267	0.989423628585725	0.678913054903642	0.868745944363719	0.854628971056546	0.788225859333382	0.848693224087076	0.840183765025677	0.827039451721722	0.804067730812885	0.75858103037676	0.679553368147364	0.695047508023667	0.688457047140853	0.679100509385164
268	0.981947555182972	0.883829755645892	0.864818204118947	0.815271961306841	0.715644585635306	0.692320324470155	0.803757725926377	0.736731914137045	0.58058590144914	0.531424766725286	0.489409863402671	0.45006342230115	0.45790590268685	0.449856335786802
269	0.98941699445592	0.913360387997711	0.830063169454704	0.818992752618223	0.771751804569521	0.790063672532108	0.757492933421553	0.678039888716776	0.824577956358066	0.81537301961718	0.795832962423315	0.772239998964548	0.751159182685822	0.736006388236415
270	0.990332025475059	0.847177775563129	0.86337309170899	0.82481681228897	0.74187028526109	0.708293925044409	0.832960635082072	0.836628425095149	0.815963556166286	0.804638232340316	0.788321189886647	0.760849823668842	0.762495906772124	0.711228236447093
271	0.98991355665486	0.91234608284558	0.774252789303092	0.759289362856748	0.708186667066303	0.751591355113666	0.736414823509358	0.72122273008076	0.701886859547193	0.611195802623362	0.423163470927	0.55378499975202	0.504924350126263	0.44440354639236
272	0.990084936058124	0.754629787191146	0.78045666447187	0.76713617530651	0.705033373407316	0.69392791307648	0.596227661059645	0.485063540920308	0.722253047532282	0.736376172627843	0.692225350679162	0.735318410319732	0.709682269431125	0.624323902096041
273	0.989769451323129	0.812529424278231	0.800777944301157	0.763941496776821	0.711624016648339	0.684360002664947	0.812806844069664	0.807354612677025	0.77223206285155	0.78959635459095	0.772221979126166	0.762164878613127	0.767737812282631	0.706562785489317
274	0.990512652074053	0.917920089087795	0.857273385865475	0.838707561964855	0.786139675652275	0.790723765976548	0.747896381906164	0.645072376177891	0.796961903710918	0.790321445003923	0.767162316161905	0.746987328270953	0.719133046499596	0.685084263066517
275	0.985044602361452	0.854108473126115	0.834698965616954	0.664497808136877	0.465015757838524	0.274220499188973	0.640700075889522	0.67844605053652	0.648725253317999	0.337468357387406	0.444210739951601	0.359749159827951	0.350463869096926	0.330707729551168
276	0.989472409009272	0.917796521774498	0.857799941626206	0.837042864824207	0.781926244134158	0.775691633889121	0.748942333338052	0.679776795008448	0.727633176882235	0.722938933450084	0.700105388393792	0.65654879521653	0.623283448390205	0.570465137781108
277	0.984581182107903	0.992544010321431	0.965179707242337	0.886929275174756	0.809488408462197	0.664251075912564	0.65558583644606	0.694888815581592	0.660330666525331	0.739004865529575	0.726730012500016	0.714999232541213	0.713505068638457	0.706914958938315
278	0.984665112950607	0.991728957096655	0.964106818258308	0.868823912575571	0.79211901122719	0.68053510430827	0.829587725232058	0.81187598377581	0.784820968535872	0.745041941373727	0.604574440198464	0.531132419404862	0.659588340977021	0.624504443727468
279	0.983931124967362	0.980549253368055	0.919559347236226	0.764125916549914	0.637032671748689	0.493372811497256	0.586745148048725	0.612378641063346	0.57385498544083	0.574078074394038	0.609526057530163	0.566659694780679	0.541573204613468	0.498447320736511
280	0.985256728413176	0.989650442758892	0.949349722958975	0.872328024598119	0.839969054842622	0.841845994024187	0.769185010635489	0.69566203419596	0.676916328808005	0.385164048722298	0.191781340342407	0.319813017250551	0.266832235492957	0.275449721397768
281	0.985485947686553	0.992436710868899	0.96606182046094	0.882526359579213	0.805609341506651	0.650177949137966	0.667449173542334	0.704447169153115	0.668916278522626	0.75830101381272	0.740470284144596	0.730235681889119	0.712361792526287	0.706154336713771
282	0.989867408634957	0.832608723052866	0.819004659526944	0.775149039489719	0.71814362623218	0.693690592431327	0.814943287459406	0.812699420867371	0.795888315288218	0.803900402200761	0.788247860087066	0.775072220273597	0.775608509025431	0.714718555485521
283	0.990068337445059	0.909555691997378	0.808470067428176	0.785899792917422	0.627610606613466	0.357003595970767	0.495217284024849	0.510541115712691	0.465267854025443	0.565348934190928	0.529260164008429	0.502396029785312	0.450287735158039	0.433228726931319
284	0.989706960006611	0.842971900595809	0.838757318876148	0.796512985119431	0.713526313213317	0.69382370662906	0.816098114370086	0.823432127090919	0.805806309297121	0.803660633112021	0.782563949445958	0.778517863374181	0.771497258150021	0.699994582712317
285	0.98489294428275	0.991295766551612	0.956889461868354	0.79676734278616	0.730285350256381	0.774051542166222	0.745324616027448	0.693694311634333	0.715854690555766	0.680020082904723	0.804859099219499	0.795685771544052	0.782452052887175	0.768870468694044
286	0.984501894373095	0.992234340909173	0.966253255215986	0.861281697804031	0.796377831805787	0.700938372213031	0.861016669244748	0.847864912699963	0.823782892159172	0.789101332049396	0.663785162392518	0.599281073175216	0.761109417828291	0.746435397867762
287	0.990098304754934	0.90784988518851	0.803835388861805	0.785014893062405	0.748493527153361	0.816755418127779	0.811042206030376	0.797493420057302	0.755575981426511	0.688771107427981	0.598202203191395	0.591190784183824	0.586857063573421	0.57051625367346
288	0.9902972555823	0.902660003378258	0.738354410892947	0.727509661670872	0.539819996321236	0.473857808085603	0.564717515473263	0.582361795922219	0.565679536775795	0.602604999181766	0.11632748988312	0.319766428464203	0.30702247535227	0.591833539798613
289	0.982789595016283	0.893262207126868	0.881736000476566	0.839150988323109	0.741931546170416	0.694190565775949	0.805570434249937	0.81440674180764	0.789698205411335	0.792684797149107	0.773757745050775	0.751218412843319	0.745304175485511	0.690101294958753
290	0.989815429101637	0.834343424534726	0.813570399127067	0.769062174616429	0.708165363402531	0.663066656910104	0.783195651811557	0.795028964530679	0.769105142481827	0.750244084920616	0.700016933494929	0.636205471319444	0.531241093894752	0.59527931559173
291	0.795459863834333	0.744227199198334	0.59908647764286	0.546375289166343	0.292284581414861	-0.276928052376412	0.502956071473516	0.529943676316695	0.501155051464141	0.558252814444832	0.539590286631316	0.516923410671848	0.536487187692569	0.409208386286244
292	0.818799379094702	0.882550389496497	0.873310229764092	0.825691388250936	0.725760171726897	0.694625089581357	0.810450564391456	0.822320884855989	0.803890630514963	0.787309919543365	0.777525286411374	0.759441573790349	0.748689938453757	0.726372479068261
293	0.987680233457045	0.889058503296204	0.876839595682531	0.830436411445266	0.727488444017321	0.697672669218423	0.804425873907212	0.809686315769632	0.790599058062634	0.797163318969075	0.77776035086221	0.767114313969643	0.763938732943089	0.70336080130847
294	0.989968667118781	0.870303892190265	0.864022663626489	0.84624545892224	0.792147476320567	0.816458088912829	0.7754894755553	0.696319077329152	0.777670486541562	0.780378585036412	0.768396945888579	0.756634547707052	0.738878915236177	0.716511776173859
295	0.99017735711594	0.76160253312542	0.826945029679057	0.81701258644321	0.783884976820166	0.815409040241796	0.778142580302241	0.699449185498511	0.786581624212934	0.796365645244171	0.787355843151264	0.775109040649198	0.758693635388798	0.740351278154409
296	0.989701115173468	0.818024953130769	0.803576359681991	0.779338927940054	0.670870332122762	0.570784444849285	0.511608711982849	0.376043991031199	0.405551830139743	0.410126959208944	0.201909490663243	-0.156659066585461	-0.0405192250334077	0.414125020398841
297	0.983549446074836	0.800981349231009	0.859150319482184	0.737258895519841	0.58825045831682	0.397473353777591	0.458907144323377	0.520143896802876	0.486405546817056	0.55061900548341	0.560179097049108	0.530806475847771	0.550583758579993	0.551783102808252
298	0.990019608265838	0.807970567229177	0.869141234905568	0.851624371148471	0.784683324401986	0.84362619136702	0.831609873149973	0.814250502097641	0.767395685321907	0.635859128159788	0.323230180975856	0.800730569917895	0.816970944646154	0.824491295286761
299	0.985172836440189	0.992503798325697	0.966492792814481	0.818691351407655	0.742357649438462	0.622141521462446	0.781830036913703	0.768911470496096	0.748387375637986	0.710805517036887	0.604672166944097	0.556680698335881	0.692093756930815	0.677477143434737
300	0.989651023510272	0.819361078177836	0.839942459206256	0.82719962659715	0.77224002849742	0.832464150057752	0.823162997465162	0.801421243483195	0.782562830965376	0.697078759127886	0.544750408860574	0.63411315317176	0.595543782142138	0.527706647305665
301	0.984527496898864	0.992088721758843	0.96553550524051	0.641236179790551	0.626502102964178	0.511054987678883	0.732868824245061	0.723895012840857	0.70935364224254	0.696794925053452	0.564311438142657	0.53021114716598	0.715261598347097	0.699951512589318
302	0.989906700462755	0.772074379454763	0.69746543309385	0.65840563805857	0.489200443368092	0.453779076941814	0.539594848574216	0.535405179478564	0.520703656741129	0.583585268072855	0.58530310433527	0.399685880060423	0.149823868379153	0.583388066257588
303	0.990347540549783	0.909527234534109	0.834006163427613	0.765237671099561	0.584196597921376	0.323550596653865	0.464666658884397	0.462392572799182	0.473037842381664	0.551795954374104	0.544988277185608	0.472146267094225	0.381164839747281	0.531625018100797
304	0.990153388350694	0.834143852659096	0.742694327201607	0.687764464377719	0.538471802644872	0.379810306520935	0.486932410643148	0.48900769699951	0.516360323629589	0.605456492839378	0.615902150059698	0.503165146768486	0.31980835257104	0.623224302728056
305	0.989989384944472	0.847815121098191	0.875936351233798	0.832866824634236	0.739302236656732	0.706661400740234	0.828838929515296	0.832586346493717	0.81230888956844	0.814248068376864	0.801043837365962	0.787982862795209	0.785142652571856	0.72384335765029
306	0.984730349121868	0.991974249600246	0.959803792572647	0.800680584025878	0.758202322878745	0.80795694387328	0.777454487677463	0.720510737990091	0.727997421126155	0.68748182715299	0.752591021192498	0.702563769258379	0.664217225477465	0.598466421535755
307	0.984835818392067	0.991726306924401	0.96050547053975	0.802440059679744	0.744729830681137	0.794192236531013	0.763337267154528	0.696319723241613	0.725195921941228	0.678130881094302	0.734934163978062	0.690581530655397	0.656297887908358	0.60604727683319
308	0.987669207261503	0.889927263449627	0.877188610162653	0.829004697020073	0.731231948475978	0.679298335897022	0.781448069257747	0.783237706395816	0.737185348720647	0.706707970757323	0.638185174424891	0.589385390691777	0.525786944463251	0.506237137852507
309	0.989508711255172	0.909920817029281	0.827867392912071	0.800311495549627	0.663421574384424	0.298497055913603	0.447871201054169	0.380572455400959	0.398056006305946	0.464294383759461	0.478247309791452	0.452729337142362	0.463385084391533	0.451038858767494
310	0.989948653597574	0.915436344382702	0.831437063894313	0.822681707485364	0.764973642400439	0.736798875429288	0.702430873941246	0.614902841240012	0.757631445343782	0.718346269125073	0.653929098049956	0.611311992074264	0.55987063190315	0.5336568396905
311	0.984480125873278	0.991789956707732	0.958933390067911	0.837204962870893	0.797990944449193	0.849717911153831	0.71319445085782	0	0	0	0	0	0	0
312	0.989836235033996	0.782316633872381	0.861725058076498	0.809649633429758	0.663929218871175	0.203606781542467	0.428389153033	0.45719939077065	0.486803372458967	0.578980477299041	0.577559140424757	0.491161943283949	0.361266528226562	0.567134648639972
313	0.984368570662154	0.992580111104791	0.961836437042736	0.745112316536475	0.66322511427365	0.550193722732376	0.698676730913863	0.67640314339243	0.637082209767606	0.597759982298681	0.456214859034769	0.392248297769401	0.545275099750857	0.521233289942749
314	0.985596134900598	0.991992242633918	0.962265349823461	0.726410761302659	0.722136668513945	0.648215683054189	0.82669010398484	0.811095036865338	0.788598284988097	0.754619404202436	0.614327402387544	0.537181219668205	0.660507799206939	0.619051730352783
315	0.989322999318112	0.773947107403084	0.685813742138608	0.64511868068164	0.487133534806754	0.469873505721923	0.563406066661852	0.558906663468111	0.538405902599051	0.612389920040124	0.620414917416652	0.492468469964371	0.300638398494865	0.639897339585177
316	0.989671471340519	0.914892915968208	0.829792804445971	0.80717793817101	0.648534175061946	0.305315254802217	0.430979462052225	0.364316723468854	0.446453632125779	0.503226703037734	0.512564211580634	0.483734109743537	0.489386133177317	0.461654018506496
317	0.984653268244618	0.992690345845087	0.96884542602444	0.860267474189893	0.811883656196011	0.711100676266787	0.764585934400266	0.762511073180562	0.750957492764978	0.736817415195525	0.624167365468682	0.565200893485559	0.734595008952142	0.724292481075417
318	0.802792952513654	0.884838872536925	0.872124151088448	0.751171442457827	0.417553122480394	0.716919308338667	0.824097022666591	0.858922680989816	0.882680768572666	0.88744211230907	0.885904120880249	0.880215701621834	0.877912583919403	0.877191988187898
319	0.987576684749069	0.834365801841631	0.821269620925059	0.782774582077324	0.712346270325244	0.687457933946467	0.810595088239035	0.820956512997947	0.803527184929127	0.805587038892517	0.790051291134108	0.780872764194839	0.777432925172275	0.715553740999511
320	0.985152987994994	0.992667953900447	0.964194031451242	0.790745061754633	0.74758186033518	0.662482344687965	0.83889911525382	0.825629601524899	0.796540953114026	0.756756339641417	0.605607863734724	0.551215276420987	0.73462648336522	0.72406671351258
321	0.989447394156086	0.913855692871689	0.826298838765112	0.818614954329022	0.769716753765239	0.842318618046138	0.836619850262468	0.826204140584607	0.81873434358398	0.772917218292385	0.707760285019904	0.770594178711049	0.764590291700863	0.753846905881557
322	0.989601976042444	0.852757652194977	0.753638628228904	0.611632677820736	0.3712278826226	0.304103802743794	0.38574007167835	0.370304408963253	0.274075324251314	0.258818843209852	0.128194166729374	0.13222994745072	0.0312754307921953	-0.0452445591085661
323	0.984506232417859	0.992658393612979	0.969308060816673	0.891982660114545	0.819090573777731	0.676106197617871	0.622448754305204	0.647465061166133	0.594225752277131	0.660568379620587	0.654678817597647	0.635389541612081	0.631073245258863	0.615752354188722
324	0.989069822108648	0.908022675821889	0.694984942195429	0.690915174165979	0.476390563426131	0.518406143016226	0.604109271970301	0.604963616657845	0.574843132522875	0.551537123285055	0.185396665644702	0.179324685120411	0.231293006256866	0.389730631177641
325	0.839144254336869	0.880198838703942	0.543089664832555	0.482780299306334	0.440267128040123	0.505119018907298	0.472632320557522	0.39440946810702	-0.224483870056786	0.410747794259241	0.43994615445963	0.143843030038481	0.359695018596868	0.360271899246344
326	0.984110791391084	0.768305635550304	0.7930009810346	0.677206617620312	0.292863856093847	0.645636360227718	0.727558586400931	0.753500261447636	0.757518977678972	0.764002645912789	0.763842748286661	0.781451499179695	0.78942912690342	0.797016417258599
327	0.990005137979551	0.887034086584118	0.586784640257096	0.551069745699807	0.385908922406955	0.50390450294034	0.580918338061018	0.583285458546931	0.583217887585798	0.645431921797899	0.626663432390891	0.48234724225529	0.306505726083533	0.640861738291759
328	0.990082742096674	0.914748086468099	0.855402861086913	0.837425911365548	0.778224133127509	0.800063369679613	0.761900746444663	0.674785162472452	0.790128278956048	0.768009430068985	0.716766337593497	0.672713165914641	0.617935464210736	0.55572325074153
329	0.984870221268359	0.991985808513896	0.960613552331923	0.636011879951413	0.618318465558227	0.498298607047446	0.697398633642528	0.686600015712755	0.662592144753784	0.645175219043196	0.47350679304043	0.409521718211562	0.628714806929522	0.602370424659266
330	0.984183031710077	0.991705727452363	0.95773283587117	0.872791100592817	0.852637243192361	0.860994246040988	0.788722347690214	0.713489907000162	0.723468928051893	0.52183616362791	-0.158919222097941	0.0171603843405877	-0.0537954923738862	-0.0440265159301463
331	0.990566952675283	0.909281259520425	0.82888267623264	0.8016270539827	0.705593890707532	0.657735963424393	0.623355733299627	0.510052734956283	0.295322548577062	0.224521400042113	0.131723595871228	0.112450522289285	0.109214428959542	0.0965681177091541
332	0.984387496552797	0.993253294782698	0.958825359247571	0.847952256693714	0.804231204562827	0.790120980847365	0.709605539694478	0.660682154848978	0.643541714016571	0.305362584850105	0.294245874092666	0.444955518469285	0.387176727964601	0.39537644059891
333	0.989986964003246	0.916514688874512	0.865621071489052	0.845025939022172	0.780152120858252	0.757016581012187	0.652421382820254	0.520191382288495	0.71215494565614	0.732838952432392	0.690652011939636	0.722847306679331	0.69034126657465	0.614719108137331
334	0.989412777275922	0.915029909667227	0.864713998154927	0.843161709270862	0.780655787971666	0.754242128184344	0.645422329953838	0.511787991275874	0.724668089232541	0.73763411606671	0.706602670304959	0.747974849260505	0.725585706780012	0.666535674894451
335	0.775735912537	0.886482660521179	0.874676681771871	0.791704013617164	0.587058911265138	0.37138276256393	0.48804833856666	0.550869850991896	0.530648735574456	0.56894746556981	0.630013369347237	0.617752281422258	0.644624647785946	0.610888908178534
336	0.990406363865624	0.913350657901911	0.772951425735455	0.733786711032165	0.696313760116879	0.748716039991437	0.735982030046747	0.714543024089385	0.678580938622925	0.578514446090733	0.401670107989924	0.472086460795853	0.45039684392768	0.348257881557314
337	0.801946088270531	0.88497741636517	0.863817435093241	0.814312607390678	0.717484475382967	0.704777345359957	0.791270952452268	0.798077300870084	0.779934563556677	0.787455614669426	0.767602752203553	0.757981559475451	0.762755931718001	0.70197935429901
338	0.985406976320775	0.992356893206806	0.965526421258581	0.856897056288264	0.802754530107735	0.705919406545406	0.854255495635264	0.841154268708272	0.816923752191827	0.789423485390358	0.672356401799692	0.6069191529492	0.726471766076269	0.705400074577704
339	0.984146986124804	0.990729886418424	0.945960605611999	0.827361076112581	0.827246748053572	0.822198267884414	0.746212372298967	0.693939869741389	0.665023790539491	0.339649439969548	0.260794867042287	0.3887156603038	0.297217581599468	0.284049487753543
340	0.990089173174171	0.918358234099172	0.834270581609634	0.823433898233771	0.770106823752106	0.736344323230554	0.691620974415643	0.591079837067759	0.752985441504255	0.721586934799	0.703262291162137	0.693792007015957	0.682235069601362	0.64974680050769
341	0.989587715593693	0.880064465789547	0.837524140945694	0.79047622187876	0.677310541940349	0.616455583313227	0.729962951187089	0.738998418882465	0.700099831992089	0.700275067097896	0.591448193609797	0.527462602822586	0.488132727713913	0.334996735476648
342	0.989492271506416	0.834466577228102	0.590017558643201	0.525774194573849	0.352190066670126	0.467187394189808	0.559332130901061	0.563319996419739	0.561795194256956	0.6337347827675	0.501502715941948	0.528416450683184	0.459082612044627	0.40671177906354
343	0.989987734051028	0.907607705404695	0.748766724751421	0.739565800212649	0.686444350563801	0.749266717662561	0.745805553599044	0.739290109254519	0.732641350751572	0.677805538084103	0.597360054637061	0.673320992440657	0.65767887022203	0.642854699587107
344	0.98470463282472	0.992198200217374	0.967748789597342	0.886080933994093	0.826296451494425	0.719470595942791	0.850645313513106	0.840740855415941	0.817935280148172	0.785028455574835	0.66563383167792	0.601477764911421	0.742948232125006	0.723538177462646
345	0.98966351556832	0.778899827168551	0.772451175650424	0.75432716443266	0.596596072928692	0.364960619660178	0.489261875698663	0.477999625034149	0.433954137847032	0.525369060522901	0.527247780243893	0.410165680031648	0.10523331539217	0.56090131238487
346	0.990091573443275	0.837368696059982	0.828212257249291	0.788547987099858	0.714311682430503	0.692059751915313	0.816928853775039	0.819815152648083	0.800158163313197	0.804140590277625	0.776940146197823	0.767335185847756	0.756613960713585	0.676748094000619
347	0.98397939057801	0.98907129639766	0.966677764505426	0.888036983423639	0.809393249826602	0.674815236951282	0.428562376929257	0.517696870616473	0.493077596071855	0.539714256062499	-0.21430004629711	-0.022743891710127	0.72439861379286	0.751172157569276
348	0.984703638580557	0.98050020547522	0.956108004433575	0.88682814960928	0.808997881628975	0.659133915757203	0.661798270604642	0.70181651139452	0.670065272118196	0.750173862391666	0.69805769744259	0.680231306355648	0.615229072108721	0.592460077906537
349	0.989549019556945	0.804779363923805	0.733376564799714	0.723560993339042	0.527173239416891	0.48811825016271	0.584304941206296	0.588619069537638	0.575353692559268	0.605583603771482	0.0559888212416867	0.296264599136807	0.29416843876791	0.622789548738497
350	0.837061621563728	0.828163416750651	0.758770885627394	0.667407720111118	0.425738972346408	0.412408909051813	0.44153631547718	0.463259542871689	0.485411338333941	0.514273339567495	0.385844111452516	-0.00900318627759485	0.664404546228135	-0.196363736408413
351	0.98488529919961	0.991118211135809	0.967755395433009	0.799296207293721	0.165013943309307	0.681341311340381	0.803908935537421	0.844085242468927	0.871334686402253	0.86975975673943	0.8663369968668	0.858555720697994	0.847430702616579	0.847583117738023
