1	2	3	4	5	6	7	8	9	10	11	12	13	14	15	16	17	18	19	20	21	22	23	24	25	26	27	28	29	30	31	32	33	34	35
LT187987LL	0	0	0	0	0	0	0	0	0	0	0	0	0	0	50074	70383	99171	226493	388761	2463218	2067925	4553781	3878910	500827	63291	58982	143105	174221	1342047	732695	79040	32381	351	1	1695415
LT166493RM	0	0	0	0	0	0	0	0	0	0	0	0	0	0	53939	71512	96945	221790	422799	3968614	2192434	5306445	4131961	481276	39368	37043	116566	145168	945932	651916	57729	20817	488	0	1381587
LT109321RL	0	0	0	0	0	0	0	0	0	0	0	0	0	0	26919	46620	79127	199309	375870	4306284	2179556	5688197	4201934	591994	36292	34865	136399	156635	724843	595596	53320	22999	246	3	1009987
LT104717LL	0	0	0	0	0	0	0	0	0	0	0	0	0	0	36547	55737	87781	223416	386878	3689012	2207615	6042158	4288349	799637	40277	32176	87371	95833	1001636	775325	41371	25297	181	4	517850
LT185066RL	0	0	0	0	0	0	0	0	0	0	0	0	0	0	28509	45275	69976	175474	346504	3044247	2178662	5123618	4516440	815781	48100	37659	110543	110330	1238901	521124	47629	29116	225	0	475054
LT291578RU	0	0	0	0	0	0	0	0	0	0	0	0	0	0	43638	64502	87537	199200	428652	2607422	2992062	5890763	3870122	655999	57559	48007	122100	145687	721863	393832	70697	25078	406	2	1076399
LT075094LU	0	0	0	0	0	0	0	0	0	0	0	0	0	0	50410	80123	87403	189710	372293	2626533	2605900	5861789	4051747	674528	60450	55506	213995	256186	1658419	1241187	90198	41799	313	2	1297273
LT051568RU	0	0	0	0	0	0	0	0	0	0	0	0	0	0	60749	138134	219734	216203	387958	2769776	2344664	4951598	2794492	459434	82238	59168	99350	106477	295045	154769	71193	22463	449	1	1398598
LT194990RU	0	0	0	0	0	0	0	0	0	0	0	0	0	0	97080	170656	171947	303954	455271	3578181	2310885	4803784	3103793	563583	68537	51229	125863	139587	364969	207029	65850	18638	228	1	607320
LT132314LI	0	0	0	0	0	0	0	0	0	0	0	0	0	0	71673	179575	169463	277518	344297	1798438	1996394	4665949	3866339	941895	113664	81393	151855	161724	570105	343505	79199	35196	426	0	1612293
LT030041RU	0	0	0	0	0	0	0	0	0	0	0	0	0	0	68401	129391	124058	243230	352482	2574292	1947533	4092630	2941002	462161	65472	53948	90682	112693	399305	257346	64467	22438	440	0	2744935
LT125775RL	0	0	0	0	0	0	0	0	0	0	0	0	0	0	33042	61660	81076	206207	403601	3317963	2813801	6206667	4037920	656546	50783	47506	171949	197917	1087609	696318	78061	21049	210	0	462779
LT055745RU	0	0	0	0	0	0	0	0	0	0	0	0	0	0	61183	176654	314650	231275	374671	2573682	2469647	5601804	4063651	832855	105476	106435	114454	113825	255581	148748	81440	26987	463	1	1158144
LT148286LL	0	0	0	0	0	0	0	0	0	0	0	0	0	0	41260	82052	101863	210364	427321	3816126	2297442	5402611	3080243	486320	46656	37105	100935	112525	465218	342484	61904	15560	196	0	1262832
LT219681RL	0	0	0	0	0	0	0	0	0	0	0	0	0	0	67591	132018	137894	245812	447321	2475551	2998733	5955302	3829322	556881	98288	66578	112099	123682	361749	165071	79105	27981	487	0	1432738
LT009615LU	0	0	0	0	0	0	0	0	0	0	0	0	0	0	62531	83771	120910	249413	525987	3295028	2250271	5207235	3326467	448922	48637	41542	111255	133143	551432	517607	72542	20027	263	0	1265315
LT132625RU	0	0	0	0	0	0	0	0	0	0	0	0	0	0	60839	110810	158542	250474	448329	2444592	2509956	5090022	3328085	458142	83636	68588	133374	150040	547375	376570	68267	25142	738	0	2738694
LT106997RU	0	0	0	0	0	0	0	0	0	0	0	0	0	0	78834	138988	126216	215015	390565	2180905	1764804	3868902	2644746	387377	67642	43014	76185	88925	297635	170330	45581	18699	504	1	1098998
LT265199LU	0	0	0	0	0	0	0	0	0	0	0	0	0	0	55750	111995	108407	228468	448556	2626534	2647985	5292251	3118395	469388	84477	61189	101096	124330	378851	240432	80772	29941	461	1	1350580
LT282467LL	0	0	0	0	0	0	0	0	0	0	0	0	0	0	87999	185907	153130	227034	402788	2116253	2829296	5345226	3779118	851437	143749	92598	155563	167393	472901	244219	107564	38354	611	1	1782367
LT152979LL	0	0	0	0	0	0	0	0	0	0	0	0	0	0	44335	101669	103423	165374	292208	1872778	2282060	5126021	3884482	825676	98692	73105	130507	167668	495412	409148	94377	38611	834	0	2552457
LT010491LL	0	0	0	0	0	0	0	0	0	0	0	0	0	0	70667	113316	144078	327981	593265	2675096	2015352	4676098	3641366	580816	64847	48090	114447	131376	792148	432033	53333	21375	273	1	1049010
LT235584LU	0	0	0	0	0	0	0	0	0	0	0	0	0	0	62543	121247	156808	331416	558444	2647914	2251666	4822103	3609122	648228	96304	66769	125670	135147	723372	397379	71400	29647	438	2	1231887
LT023631RU	0	0	0	0	0	0	0	0	0	0	0	0	0	0	37056	71989	74840	140350	301936	2354720	2061681	4523338	2647030	472562	67814	41521	89663	100387	349366	220988	59099	21995	382	0	1952642
LT262496LU	0	0	0	0	0	0	0	0	0	0	0	0	0	0	56877	110170	159167	351171	594561	6035532	2477086	5692131	4151962	618288	74547	53434	111384	108548	338506	243955	58152	25233	280	0	766975
LT126571RU	0	0	0	0	0	0	0	0	0	0	0	0	0	0	90441	167655	195309	316777	526815	3501249	2949986	5874910	4159579	731399	88146	60962	147441	147298	324748	245360	74182	23379	314	1	1422761
LT056627RU	0	0	0	0	0	0	0	0	0	0	0	0	0	0	88012	221578	206939	339368	479294	3666884	2607780	4800547	4229833	903282	125116	88817	160961	187098	443922	341948	117006	41153	612	0	2714303
LT100984RL	0	0	0	0	0	0	0	0	0	0	0	0	0	0	120919	360563	213956	311131	422251	1681248	2435271	4902363	4427028	951581	226508	153959	252213	295710	644550	338434	176048	75724	707	0	1827396
LT168219RL	0	0	0	0	0	0	0	0	0	0	0	0	0	0	77035	126377	187172	249808	371019	3698221	1839275	4034204	2454662	456993	78760	66765	84224	105436	261498	192467	97285	32538	1131	0	2879207
LT092669LU	0	0	0	0	0	0	0	0	0	0	0	0	0	0	68669	117300	144842	300215	549805	5775312	2587097	5934617	4003263	733795	58500	44337	114118	126417	561803	484784	58548	26364	276	2	1013600
LT010012LU	0	0	0	0	0	0	0	0	0	0	0	0	0	0	47384	79486	99928	210256	415680	3390154	2586101	5303069	3480377	715350	76533	61133	147857	152391	451501	330670	77952	26867	515	1	1043198
LT113077LL	0	0	0	0	0	0	0	0	0	0	0	0	0	0	63269	107019	128121	272859	528477	3700020	2653366	6141431	3637366	623823	74355	52199	102069	127037	355131	228180	66277	24859	371	4	1107210
LT178307RU	0	0	0	0	0	0	0	0	0	0	0	0	0	0	104549	192124	187817	349835	609722	3887678	2852319	6242325	4160037	704118	115564	81364	123482	156435	317879	227009	87130	35106	660	0	1846677
LT042988LU	0	0	0	0	0	0	0	0	0	0	0	0	0	0	101780	192400	266309	319069	565499	3438119	2277404	4853017	3205973	524897	140482	129849	142052	134360	325958	236357	99454	41420	6147	3	1952866
LT003990RU	0	0	0	0	0	0	0	0	0	0	0	0	0	0	97678	179691	196019	341319	612109	3779332	2518803	5927833	3737942	684652	108277	62996	117999	138735	299965	180109	69026	27002	265	4	832048
LT242420LU	0	0	0	0	0	0	0	0	0	0	0	0	0	0	100284	160434	176560	305279	505205	3500531	2352288	5172359	3289459	570607	116415	93721	156122	197594	444260	332670	117490	40844	844	1	2208155
LT137431RL	0	0	0	0	0	0	0	0	0	0	0	0	0	0	62663	106296	120811	295532	526923	6001368	2395853	6814247	4317989	513227	47693	42708	104786	153618	701438	583680	57694	33681	246	0	1043662
LT231373LU	0	0	0	0	0	0	0	0	0	0	0	0	0	0	40518	58823	86856	209288	445586	5756726	1903049	5807930	3876157	468233	37731	35525	83515	114170	705401	798047	52574	27919	1313	3	1948606
LT046027RL	0	0	0	0	0	0	0	0	0	0	0	0	0	0	69172	125077	150906	307707	562351	3674414	2311861	5726311	3810477	576130	67900	53946	93055	119668	300564	177912	64478	21494	371	2	1553368
LT211728RU	0	0	0	0	0	0	0	0	0	0	0	0	0	0	161039	234360	261313	447566	681019	2999446	2544359	5197080	3015161	611957	112906	87998	131066	132345	194485	124444	102754	35431	618	2	1491143
LT157253RL	0	0	0	0	0	0	0	0	0	0	0	0	0	0	41917	81114	106038	216460	345891	3466167	1619820	4041597	2060974	378865	102190	99442	142214	180619	561353	375517	146835	43773	2239	3	3096002
LT024952RU	0	0	0	0	0	0	0	0	0	0	0	0	0	0	73844	126205	153382	309746	535180	3981582	2724621	6626754	4336973	653018	76707	59355	132882	173104	453380	268239	66041	23801	1161	0	1754758
LT058156LU	0	0	0	0	0	0	0	0	0	0	0	0	0	0	52895	104471	184336	245739	478844	3655785	4880126	7489874	4143334	710641	112558	74871	114277	142500	339122	194495	104679	23890	766	1	984620
LT145086RU	0	0	0	0	0	0	0	0	0	0	0	0	0	0	69429	96943	126024	277654	506786	4403790	1728934	4630303	2411805	340383	41163	33588	65065	90047	325022	240388	73969	18384	463	3	1170546
LT294945LU	0	0	0	0	0	0	0	0	0	0	0	0	0	0	110055	217093	245593	413410	664673	4650035	2719380	5768102	4123977	776825	143696	105857	186032	209057	366907	188673	107848	57607	552	1	1571350
LT046027RL_HiSeq	0	0	0	0	0	0	0	0	0	0	0	0	0	0	194032	342044	373523	816919	1405213	8374438	5951853	15829287	10665483	1523275	188272	146706	237898	313233	760790	538376	160934	52443	763	6	3697356
LT211728RU_HiSeq	0	0	0	0	0	0	0	0	0	0	0	0	0	0	418319	598813	630018	1117327	1587461	6540692	5853553	12326256	6971254	1422354	272418	200922	291484	295832	436103	289369	230756	75480	1218	4	3188383
LT157253RL_HiSeq	0	0	0	0	0	0	0	0	0	0	0	0	0	0	111614	216656	263248	562786	847863	8700226	4284611	11069504	5488120	993112	264081	257454	365804	471826	1374929	1053931	367172	108267	5196	3	7563918
LT024952RU_HiSeq	0	0	0	0	0	0	0	0	0	0	0	0	0	0	205975	340918	383124	792065	1249395	8947621	6922546	17808963	11530408	1696326	198197	148520	318454	430072	1059716	767847	162581	54915	1651	2	3892335
LT185066RL_HiSeq	0	0	0	0	0	0	0	0	0	0	0	0	0	0	86467	129797	178631	573971	928606	9881209	5561292	15542949	11406606	2195021	131719	97439	215474	269490	1890592	1863690	97593	71663	452	1	1295902
LT291578RU_HiSeq	0	0	0	0	0	0	0	0	0	0	0	0	0	0	123425	172007	204162	565143	989638	6305799	7031222	16347652	9357346	1571291	138226	94286	247761	299979	714982	1114709	113401	36146	551	2	1907788
LT201348LL	0	0	0	0	0	0	0	0	0	0	0	0	0	0	36470	40493	807854	359486	103269	892996	594328	2526863	521252	370955	19712	24953	32427	33642	50833	34654	81567	24660	29	0	254349
LT135390LL	0	0	0	0	0	0	0	0	0	0	0	0	0	0	22434	28340	32435	44180	80062	872089	480929	1418100	401616	258604	10816	6923	19424	16587	15335	23364	13883	1334	31	0	167267
LT045346RU	0	0	0	0	0	0	0	0	0	0	0	0	0	0	18929	35526	59282	49780	86423	817881	623328	1888637	764527	263542	12753	12478	47517	24865	22759	27405	26972	2554	44	0	265016
LT163513RL	0	0	0	0	0	0	0	0	0	0	0	0	0	0	46418	69117	641601	253134	139388	1264492	775947	2781020	779211	435245	21877	28801	57694	38629	52135	45189	99421	25407	49	0	322879
LT109097LL	0	0	0	0	0	0	0	0	0	0	0	0	0	0	18860	25778	100527	64674	64658	681746	439504	1514269	415400	383460	11998	10655	22398	20351	18823	32373	30342	5255	40	0	211189
LT155982RU	0	0	0	0	0	0	0	0	0	0	0	0	0	0	35098	52202	89634	67888	91823	879956	653347	2134566	633405	443600	17163	14275	34986	28481	25671	44097	59694	1852	72	0	251641
LT131432RU	0	0	0	0	0	0	0	0	0	0	0	0	0	0	35536	40785	57324	52591	87229	1015738	667335	2345585	704151	455380	15752	10815	32989	28667	33055	40566	19548	3384	31	0	230205
LT059975LU	0	0	0	0	0	0	0	0	0	0	0	0	0	0	26308	42840	174489	84921	100905	911385	677814	2621171	679685	306600	15245	17404	41540	26571	22821	31125	45419	6012	91	0	307325
LT156171LL	0	0	0	0	0	0	0	0	0	0	0	0	0	0	24719	39177	168008	88748	75177	624264	539231	1542846	440554	406055	16003	12502	27202	22217	22774	26417	42117	16885	53	0	251167
LT001600RL	0	0	0	0	0	0	0	0	0	0	0	0	0	0	25455	27669	34102	36110	57088	715726	415838	1315165	410780	458020	15519	8998	20372	18546	19239	29880	21542	1298	58	0	190245
LT245084RU	0	0	0	0	0	0	0	0	0	0	0	0	0	0	27433	40252	120423	64863	95290	1041829	604420	1930236	596438	525159	21519	18568	32116	28510	27287	26046	27227	6479	64	0	303361
LT275526RU	0	0	0	0	0	0	0	0	0	0	0	0	0	0	25971	24463	48238	39623	63509	697022	398081	1413323	337781	242434	8976	7626	18543	16250	18689	28659	19160	3237	19	1	125484
LT175399RU	0	0	0	0	0	0	0	0	0	0	0	0	0	0	18131	27702	124597	63357	76140	805112	491496	1680432	418460	232611	9631	12766	24797	22568	23999	26876	39280	8170	29	0	147906
LT173946RL	0	0	0	0	0	0	0	0	0	0	0	0	0	0	30462	32432	143287	77185	79656	870228	536890	1872980	455096	250595	13140	11705	20499	18968	22393	24588	31429	4644	37	0	138594
LT156481LL	0	0	0	0	0	0	0	0	0	0	0	0	0	0	32913	56254	63384	68108	115786	1242266	907624	2421287	841410	435609	15626	12459	40202	26970	26871	32038	21137	3416	52	0	200563
LT130350RU	0	0	0	0	0	0	0	0	0	0	0	0	0	0	17395	40027	31172	44055	77956	753654	598250	1641278	539126	352103	13161	8519	28882	21709	18531	22923	15674	1574	30	0	161623
LT038591LU	0	0	0	0	0	0	0	0	0	0	0	0	0	0	11612	16262	37414	30939	39976	346709	269355	1076820	274578	174221	6248	6623	16326	16612	15543	15632	16164	1406	19	0	118431
LT093297LU	0	0	0	0	0	0	0	0	0	0	0	0	0	0	28781	43269	545426	204798	96472	765391	543217	2072727	506185	351890	14458	16454	28974	20407	26568	22265	84530	14753	36	0	152904
LT105618RL	0	0	0	0	0	0	0	0	0	0	0	0	0	0	22912	36273	408164	215684	81158	559056	455142	1671709	483600	441258	14838	27838	33884	23221	25953	28056	58647	15133	30	1	225019
LT025997RU	0	0	0	0	0	0	0	0	0	0	0	0	0	0	17168	24975	43429	25993	34482	238941	223174	747817	203670	153871	7058	6829	20771	19106	17320	58310	41365	2123	38	0	170373
LT046539RL	0	0	0	0	0	0	0	0	0	0	0	0	0	0	33243	35766	107376	77868	75485	759111	543533	1937087	434682	310599	12515	13453	25368	29123	32943	35416	24696	5864	44	0	119323
LT286056RU	0	0	0	0	0	0	0	0	0	0	0	0	0	0	17271	32719	130699	70169	87575	890606	770843	2051511	690094	549044	16402	13830	29993	29749	29113	27483	25383	10570	30	0	151385
LT020426LU	0	0	0	0	0	0	0	0	0	0	0	0	0	0	20829	39719	73644	63237	128279	1487159	1010033	3173906	950731	710171	22256	12652	37726	42466	35428	33473	22797	4399	71	0	158252
LT195011RL	0	0	0	0	0	0	0	0	0	0	0	0	0	0	15980	22289	32893	35856	75315	914560	663765	1684775	406979	331015	10969	7807	22051	26955	23528	31904	19086	2366	71	0	104718
LT002501RL	0	0	0	0	0	0	0	0	0	0	0	0	0	0	25800	37441	64492	64792	105455	1207239	933365	2567883	730012	541890	18404	10971	31042	33514	31223	35974	26946	12371	129	0	115594
LT081077RU	0	0	0	0	0	0	0	0	0	0	0	0	0	0	12081	18086	41939	33269	53371	535331	473037	1686758	508586	456274	14564	8771	22239	25577	22271	22358	15602	3311	17	0	106383
LT000216LL	0	0	0	0	0	0	0	0	0	0	0	0	0	0	22566	31452	95679	73514	73379	654028	596332	2081793	492487	556252	18475	13610	24461	26749	27951	20527	23681	10366	41	0	109609
LT004173LL	0	0	0	0	0	0	0	0	0	0	0	0	0	0	24375	28719	35597	45091	95605	1128859	847387	1911671	502061	277743	22492	10149	19635	22987	22210	29328	16346	1414	93	0	101853
LT139649RU	0	0	0	0	0	0	0	0	0	0	0	0	0	0	20909	36000	115571	66524	81626	696156	584102	1710764	593899	369177	12953	11312	26963	30907	29791	32498	33350	8390	28	0	153283
LT081282RM	0	0	0	0	0	0	0	0	0	0	0	0	0	0	17144	32175	83147	50480	88067	891642	636003	1992436	626827	447732	16545	9288	23746	25359	22914	21207	17066	3738	26	0	112667
LT084406RU	0	0	0	0	0	0	0	0	0	0	0	0	0	0	36647	52962	375947	181774	101187	745848	650287	2277124	606744	563574	26512	34348	38165	34404	33280	26187	73705	35470	78	0	229891
LT192758RU	0	0	0	0	0	0	0	0	0	0	0	0	0	0	20523	31140	53561	42761	55996	371797	415875	1285510	388049	413397	13008	9779	24361	31212	29324	28053	19571	5505	27	0	114343
LT287158LU	0	0	0	0	0	0	0	0	0	0	0	0	0	0	29002	36499	230391	91264	76048	680849	532729	2088953	434092	255369	11414	11756	23372	28457	29651	30219	25831	11733	25	0	102868
LT241811LL	0	0	0	0	0	0	0	0	0	0	0	0	0	0	18031	32973	57886	53523	82283	980172	759137	2355350	723884	502199	15289	12688	27559	30650	26668	26748	19401	6710	41	0	128458
LT233620RU	0	0	0	0	0	0	0	0	0	0	0	0	0	0	14907	28783	37389	39893	86647	1016258	770384	2193960	706920	471435	14566	11501	26877	27331	23119	25538	16419	2660	27	0	130535
LT140046RU	0	0	0	0	0	0	0	0	0	0	0	0	0	0	22830	33345	69021	55101	97359	1066778	781034	2366428	591200	449759	14091	10754	25606	28949	27014	22592	16801	6233	26	0	109616
LT236045LL	0	0	0	0	0	0	0	0	0	0	0	0	0	0	28320	38965	341595	117249	98260	796560	726352	2500098	496947	292229	12072	16787	26548	29474	34208	35741	41812	20106	31	0	119993
LT056301LL	0	0	0	0	0	0	0	0	0	0	0	0	0	0	24631	29938	89800	70943	76168	763340	628975	2230716	520057	390221	12660	13778	23700	26825	27141	35283	25531	7063	73	0	126749
LT280560LU	0	0	0	0	0	0	0	0	0	0	0	0	0	0	26726	36191	190962	85572	97439	1040027	809524	2217783	608077	453734	14400	13742	24514	23926	26055	22802	25581	13752	39	0	97676
LT207073RU	0	0	0	0	0	0	0	0	0	0	0	0	0	0	20343	22794	29251	37049	77278	912966	646724	1614761	438673	327299	10920	6772	15619	17902	17853	19955	11331	3437	33	0	80984
LT191020LI	0	0	0	0	0	0	0	0	0	0	0	0	0	0	47402	60523	278496	131750	144984	1553777	1082532	4618733	1567273	657810	27038	29631	63540	59044	65542	67983	97554	9395	56	0	383946
LT030662LL	0	0	0	0	0	0	0	0	0	0	0	0	0	0	70759	75176	321030	130252	170261	2336513	1232675	3932928	1130255	716862	26830	29524	57886	54704	57637	58294	48164	11557	83	0	345150
LT009099RL	0	0	0	0	0	0	0	0	0	0	0	0	0	0	54677	87682	799871	309138	203918	2000423	1170848	4595972	1239818	1012453	33154	65110	86189	50090	56383	89846	415312	34518	125	0	482252
LT075917RU	0	0	0	0	0	0	0	0	0	0	0	0	0	0	298	2703	8387	882	583	2529	1654	4815	1382	1071	480	495	586	778	3328	426	395	108	3	0	6921
LT147610LL	0	0	0	0	0	0	0	0	0	0	0	0	0	0	24252	27695	145866	81311	70168	840252	519682	2367325	568676	521488	14982	12061	23616	23559	24979	18925	22938	4264	24	0	173722
LT195484RU	0	0	0	0	0	0	0	0	0	0	0	0	0	0	1003	1224	1159	1536	1264	1889	1042	3046	851	492	32	52	30	42	28	24	38	5	0	0	858
LT089723LL	0	0	0	0	0	0	0	0	0	0	0	0	0	0	42839	63943	140196	98244	152813	1843553	1097185	4003813	1211173	668429	26450	23176	47475	44032	41317	41194	45559	3856	51	0	331862
LT082461RL	0	0	0	0	0	0	0	0	0	0	0	0	0	0	25232	32781	198973	86350	74709	710913	556976	1862648	556442	575953	16528	13879	28679	25423	24805	27164	41462	8269	52	0	213581
LT151920RL	0	0	0	0	0	0	0	0	0	0	0	0	0	0	27219	48582	159930	91995	131627	1643989	1033614	3600028	1175450	546622	18184	17197	45996	28464	27897	29164	46989	5191	41	0	274737
LT203431RL	0	0	0	0	0	0	0	0	0	0	0	0	0	0	38766	58644	582038	227916	99691	478202	422226	1718186	474880	395827	17426	30370	73108	50726	58165	80276	105304	19730	51	0	448755
LT115840LL	0	0	0	0	0	0	0	0	0	0	0	0	0	0	24092	38521	103815	57235	66243	714693	390241	1270728	405102	216616	12379	12689	20416	16339	17256	21253	28860	5127	23	0	130929
LT005256RL	0	0	0	0	0	0	0	0	0	0	0	0	0	0	23057	23228	381506	173477	51108	339236	214962	919218	187220	162488	7067	12758	14731	13222	21693	18066	31623	8440	12	0	103957
LT279828RU	0	0	0	0	0	0	0	0	0	0	0	0	0	0	18150	22777	190208	49787	64817	605176	358094	1385734	218820	118784	5807	6927	15973	15146	14043	18698	21452	3432	30	0	99539
LT162479RU	0	0	0	0	0	0	0	0	0	0	0	0	0	0	20954	32891	99430	59708	92047	1114565	539481	1849856	438353	232636	8405	8944	20499	16989	16207	16852	21796	3769	28	0	133866
LT244399LU	0	0	0	0	0	0	0	0	0	0	0	0	0	0	14312	22235	22176	24704	48302	598029	363206	1137901	368838	379984	11987	5757	16170	14649	12793	16821	10103	1173	23	0	131600
LT051993RU	0	0	0	0	0	0	0	0	0	0	0	0	0	0	14742	22562	29943	28166	54074	573759	325074	1173490	334433	174705	6191	5296	18483	15128	14165	18614	12618	988	20	1	123307
LT191675RL	0	0	0	0	0	0	0	0	0	0	0	0	0	0	11752	14852	127456	62185	37343	380505	225643	964885	189525	235798	7765	7736	9368	9091	10888	9418	18759	4682	21	0	69790
LT266817LL	0	0	0	0	0	0	0	0	0	0	0	0	0	0	9784	12842	86994	37532	35942	390483	235255	910475	174225	153412	4765	3702	7824	7329	8044	8718	8886	1912	12	0	59925
LT198741LU	0	0	0	0	0	0	0	0	0	0	0	0	0	0	17763	19255	20197	25358	48953	616938	321193	987839	351988	178518	6154	3894	12274	11521	12507	13548	6169	675	10	0	81981
LT115251RU	0	0	0	0	0	0	0	0	0	0	0	0	0	0	27675	36593	663436	216567	88507	594936	331366	1202227	283195	211647	12975	15234	25515	18923	17098	19616	67688	17660	42	0	343216
LT245983LU	0	0	0	0	0	0	0	0	0	0	0	0	0	0	34551	58409	226552	128069	140022	1346679	1390526	4271861	1419664	1125205	35216	26148	63090	65108	62207	45873	47699	32336	60	0	386281
LT269763RL	0	0	0	0	0	0	0	0	0	0	0	0	0	0	44187	50120	106413	104266	282427	3570890	2248878	5565219	937875	505330	23306	20202	49273	55433	56285	60058	30557	3626	221	1	361888
LT263636RU	0	0	0	0	0	0	0	0	0	0	0	0	0	0	33356	50933	540842	259443	130264	876081	887667	2960618	802297	538987	24056	28674	54906	48711	52044	42783	64544	23525	65	0	319564
LT238531RU	0	0	0	0	0	0	0	0	0	0	0	0	0	0	53437	62147	251144	124216	151654	1174827	1171694	5481614	1281148	905344	31376	20159	57312	58554	56890	66179	48643	8530	79	0	340008
LT155318RL	0	0	0	0	0	0	0	0	0	0	0	0	0	0	41872	52944	686923	264119	162102	1369579	1105660	4225048	748079	518957	20126	21785	45422	50429	58772	58533	67692	28644	48	0	290975
LT058319LU	0	0	0	0	0	0	0	0	0	0	0	0	0	0	1753	2322	5167	3861	4872	44732	30211	97764	26152	16198	544	404	1095	1044	1038	939	742	253	0	0	6457
LT143944LL	0	0	0	0	0	0	0	0	0	0	0	0	0	0	3221	4078	11696	7057	14228	141271	99023	304045	67113	49859	1961	1995	4047	4297	4434	4632	4091	645	8	0	28811
LT185970RL	0	0	0	0	0	0	0	0	0	0	0	0	0	0	5103	8178	15678	10215	21723	218968	191514	786053	198041	155263	5368	3385	10459	10734	10066	10307	5676	858	20	0	68573
LT126767LL	0	0	0	0	0	0	0	0	0	0	0	0	0	0	12418	14876	75504	64422	41723	339017	452795	1892384	879570	504489	16663	28221	31291	32115	32392	19756	15879	3254	35	0	311581
LT013011LU	0	0	0	0	0	0	0	0	0	0	0	0	0	0	31594	44470	98384	74491	137270	1554969	1137393	3598259	1160735	744398	23997	14072	42132	42110	43445	44690	24019	6985	59	0	279564
LT113005RU	0	0	0	0	0	0	0	0	0	0	0	0	0	0	32774	38538	346747	139214	114208	906828	797530	2780198	627029	488797	16682	18740	35123	34943	33110	30122	33393	16257	55	0	240212
LT181845RU	0	0	0	0	0	0	0	0	0	0	0	0	0	0	49067	46900	110833	84052	81374	592359	536765	1389770	478079	360919	17729	14962	30157	28385	32624	32702	17916	6520	37	0	186822
LT166240RM	0	0	0	0	0	0	0	0	0	0	0	0	0	0	36708	54421	297577	134688	198892	2614620	1396426	6266972	1174787	894571	23348	16426	42080	39159	40019	31040	39561	12070	31	0	215947
LT099879RL	0	0	0	0	0	0	0	0	0	0	0	0	0	0	28154	35027	280313	139654	102759	929559	813607	2592120	606914	489944	17717	25358	31117	34311	36827	33715	32995	19002	67	0	231786
LT017495RL	0	0	0	0	0	0	0	0	0	0	0	0	0	0	45098	53624	272609	127567	142232	1297517	1238369	3438588	1156176	880735	27507	22172	41514	40036	43639	36503	47516	22446	45	0	248033
LT231101RL	0	0	0	0	0	0	0	0	0	0	0	0	0	0	34129	46511	534265	268101	118417	779939	698431	2297117	773097	769497	25104	60669	40984	34721	42449	24677	56805	34138	56	1	393892
LT178929RL	0	0	0	0	0	0	0	0	0	0	0	0	0	0	35991	37256	43451	43551	100573	1255575	687729	2191362	524202	448503	12576	7102	22094	23174	22402	21218	9005	1332	28	0	97153
LT038075LL	0	0	0	0	0	0	0	0	0	0	0	0	0	0	25105	32775	50684	41978	71769	652397	567297	2219094	774814	377631	15021	9777	37024	31553	28451	42067	22170	1484	28	0	269155
LT080750LL	0	0	0	0	0	0	0	0	0	0	0	0	0	0	39002	39140	107603	71106	70126	497499	514037	2003366	589497	406318	16274	22313	30681	33147	34950	31726	20832	4189	40	0	243274
LT221510LU	0	0	0	0	0	0	0	0	0	0	0	0	0	0	33258	42587	120308	79366	96516	574394	891722	2617769	1342771	392530	23893	25003	44130	34218	34708	39122	33495	8507	60	0	211245
LT002410RM	0	0	0	0	0	0	0	0	0	0	0	0	0	0	20056	34808	102946	62112	81853	802660	613287	1889070	552586	677743	17994	12988	24394	25426	24558	19832	25585	8883	25	0	128197
LT175949LL	0	0	0	0	0	0	0	0	0	0	0	0	0	0	26297	28325	28662	37102	66810	807739	547709	1485799	480479	334014	10362	6585	21373	21566	24369	34397	12833	1176	17	0	94459
LT190870RU	0	0	0	0	0	0	0	0	0	0	0	0	0	0	22268	29784	53572	45725	76623	768127	566403	1632974	492404	367006	11038	7713	18105	18545	17448	18860	15049	4711	22	0	92298
LT150340LU	0	0	0	0	0	0	0	0	0	0	0	0	0	0	20042	24843	85476	49736	61481	573064	454345	1520115	484346	616952	15924	9555	21347	26262	23853	18531	22829	11951	29	0	123912
LT121928RL	0	0	0	0	0	0	0	0	0	0	0	0	0	0	23437	26042	24464	35501	68295	650129	457959	1126850	285945	259302	8336	6334	18240	21644	20945	34616	17941	740	22	0	96211
LT060406RL	0	0	0	0	0	0	0	0	0	0	0	0	0	0	24574	31101	175035	73106	61982	500676	371097	1075129	275545	284411	8746	9394	18862	17098	18130	23351	25690	7578	31	0	82538
LT077264RU	0	0	0	0	0	0	0	0	0	0	0	0	0	0	40966	39161	308771	104554	89680	826725	560643	1988007	392824	304530	12565	14805	23089	27428	31212	28382	26131	11492	22	0	105525
LT136415RU	0	0	0	0	0	0	0	0	0	0	0	0	0	0	21513	29639	87579	58362	65729	521663	538102	1801845	595734	336305	10951	12998	21840	20346	22584	23592	19381	5711	35	1	115157
LT026534RL	0	0	0	0	0	0	0	0	0	0	0	0	0	0	33221	38268	122578	65911	84053	965989	555090	1735389	469990	461033	13814	11737	20874	21503	26719	24086	27412	9461	26	0	105719
LT282562RM	0	0	0	0	0	0	0	0	0	0	0	0	0	0	14270	26583	62860	43380	69989	745364	554717	1981787	556555	450068	14363	9129	21215	20521	18297	25718	18565	2619	34	0	119495
LT286300LU	0	0	0	0	0	0	0	0	0	0	0	0	0	0	17158	28296	34379	41545	85976	1037989	659401	2050482	543687	352883	11073	6376	18752	18446	16210	16507	11020	1728	15	0	118396
LT284144LU	0	0	0	0	0	0	0	0	0	0	0	0	0	0	19931	30932	29459	39657	64232	437146	494796	1546476	489818	378106	13491	10843	28615	23296	20857	19142	13703	997	40	0	164705
LT055841LL	0	0	0	0	0	0	0	0	0	0	0	0	0	0	33009	40294	98670	60429	93037	871502	644373	2193472	456226	301545	11682	14725	24627	26861	26244	53988	36068	5702	38	0	192169
LT053283RU	0	0	0	0	0	0	0	0	0	0	0	0	0	0	18902	25831	52522	43031	78770	904133	642987	2010356	569219	362331	10888	9327	19821	19104	18106	17200	14951	6456	42	0	114541
LT142159RU	0	0	0	0	0	0	0	0	0	0	0	0	0	0	18960	22879	73002	42616	56572	657555	474545	1597334	443082	353639	10112	7860	18427	21326	22030	26039	13343	6847	28	0	109282
LT154455RU	0	0	0	0	0	0	0	0	0	0	0	0	0	0	25308	28130	169630	101184	76524	670308	523988	1680480	435753	296521	10063	13658	20796	21203	22087	19495	23535	14215	63	0	133612
LT167891LU	0	0	0	0	0	0	0	0	0	0	0	0	0	0	32585	40826	266925	112558	73848	567703	445010	1300594	376399	344288	12507	45320	33332	31300	39550	49336	174001	16827	82	0	253145
LT043343LU	0	0	0	0	0	0	0	0	0	0	0	0	0	0	22449	33725	113891	63480	68652	718669	561561	2051717	481528	467703	12305	9341	21073	22703	23117	22542	17461	7412	28	0	127075
LT048637LL	0	0	0	0	0	0	0	0	0	0	0	0	0	0	23264	27772	96970	51824	80306	844013	540197	1491956	289740	175531	8145	13655	18222	20728	18953	51921	36362	4896	28	0	151601
LT166565RU	0	0	0	0	0	0	0	0	0	0	0	0	0	0	15538	27773	62747	46141	69184	581939	620874	1878221	676983	240283	9669	16671	27267	21338	19022	24766	22062	2225	45	0	156376
LT127070RL	0	0	0	0	0	0	0	0	0	0	0	0	0	0	22351	32272	40636	49288	100944	989300	811679	2078019	680184	750005	25110	11090	32432	30865	26395	35518	18022	2459	36	0	295076
LT184347RU	0	0	0	0	0	0	0	0	0	0	0	0	0	0	11698	19738	200759	78405	61867	476794	504613	1339125	370017	255067	8416	12835	16248	12911	14783	10221	17332	9921	20	0	115373
LT253677RL	0	0	0	0	0	0	0	0	0	0	0	0	0	0	52445	55677	116402	84521	106417	851809	767669	2369472	638456	503453	20877	20011	40870	44061	44023	63029	37796	8140	54	0	401768
LT036383LL	0	0	0	0	0	0	0	0	0	0	0	0	0	0	49422	46975	166256	109927	99472	849890	803574	2303780	654787	496601	17993	17733	33713	35462	42997	44937	26525	9851	44	0	332476
LT295133LL	0	0	0	0	0	0	0	0	0	0	0	0	0	0	32176	38846	199994	125008	92706	837765	660085	1911100	499554	347123	14464	16770	35331	37071	38127	52591	38301	12287	50	0	364371
LT106561LL	0	0	0	0	0	0	0	0	0	0	0	0	0	0	55034	52294	55190	76753	134949	1205350	1036531	2830553	741132	576249	21647	17716	42817	48862	46356	51093	22333	1755	127	0	436597
LT256221LL	0	0	0	0	0	0	0	0	0	0	0	0	0	0	21494	31593	35937	45243	95222	1031514	760636	2015574	582591	553010	18010	11584	32895	33364	28252	35960	16175	1473	61	0	337197
LT172093RL	0	0	0	0	0	0	0	0	0	0	0	0	0	0	8760	15413	34127	34007	46050	434039	410420	1096519	346046	279862	8952	6565	13124	13502	12350	13061	9297	2510	19	0	127780
LT180102RL	0	0	0	0	0	0	0	0	0	0	0	0	0	0	24667	34515	68843	67422	116626	1079613	937038	2616336	770338	540829	17608	13723	32017	32087	29508	29440	18110	4605	27	0	279222
LT196199RU	0	0	0	0	0	0	0	0	0	0	0	0	0	0	33230	58073	147751	101069	142107	1198879	1185669	2518766	791424	513021	17860	16668	38510	30001	25985	33730	32427	9556	46	0	241934
LT000379LU	0	0	0	0	0	0	0	0	0	0	0	0	0	0	34927	45008	96685	98116	113421	1057133	990243	3388754	873133	835013	25889	21816	43349	44953	44322	42197	30522	8537	77	0	540697
LT058691LU	0	0	0	0	0	0	0	0	0	0	0	0	0	0	12980	22657	73904	51711	56397	343602	575891	1200537	422309	191446	8953	15535	26010	14162	13489	12292	11628	3765	28	0	161484
LT130546RU	0	0	0	0	0	0	0	0	0	0	0	0	0	0	35210	36621	109965	143484	80598	454105	510106	2208950	907344	464847	22114	24391	59643	50825	43539	49502	36757	7991	65	0	1025749
LT206871LU	0	0	0	0	0	0	0	0	0	0	0	0	0	0	20474	20018	132779	68391	75740	820965	563348	1669900	449403	241915	9173	11674	16347	17648	20081	16391	15246	6972	8	0	184170
LT096430LU	0	0	0	0	0	0	0	0	0	0	0	0	0	0	6665	9140	77223	32016	24014	195264	172247	521323	147921	111666	4025	4016	7516	6344	7043	6266	7398	4001	11	0	67654
LT144462RU	0	0	0	0	0	0	0	0	0	0	0	0	0	0	43472	50392	95917	80533	125944	1224512	1005430	2889437	891894	613384	19671	14463	40931	41406	38688	36575	21493	9623	56	0	384331
LT047152LL	0	0	0	0	0	0	0	0	0	0	0	0	0	0	65841	78912	88144	102257	195509	1563900	1545975	4118667	1139736	735060	35017	25658	80313	80039	72429	140628	84060	2706	118	0	1046964
LT109231RU	0	0	0	0	0	0	0	0	0	0	0	0	0	0	29936	39212	136740	84668	100511	919434	823193	2566123	733514	639562	20042	16209	34938	31894	29889	35012	21665	7590	36	0	349429
LT173597LL	0	0	0	0	0	0	0	0	0	0	0	0	0	0	48816	61271	259747	136684	109939	867350	707316	2050883	641363	589327	33947	32931	44606	39083	44571	32831	27780	17635	81	0	450236
LT285906LL	0	0	0	0	0	0	0	0	0	0	0	0	0	0	14762	15687	19994	23983	43095	454895	341274	1097487	299700	185230	6184	3600	12463	11566	13361	16088	5203	789	23	0	99290
LT075462RU	0	0	0	0	0	0	0	0	0	0	0	0	0	0	23469	37612	73072	62770	92206	1360705	944798	2779191	692730	581549	15710	11797	26551	24636	24013	25378	18444	10134	51	0	129326
LT016556LU	0	0	0	0	0	0	0	0	0	0	0	0	0	0	22497	30896	148511	87189	71734	810743	615096	2147040	472905	410524	12853	10391	22460	28285	33292	30344	23458	20374	20	0	128923
LT171097RL	0	0	0	0	0	0	0	0	0	0	0	0	0	0	20178	33062	35624	42436	82795	1186243	763031	2196138	669418	417999	12108	7106	22080	22562	20564	25140	13392	3830	27	0	108795
LT297451LU	0	0	0	0	0	0	0	0	0	0	0	0	0	0	25252	32964	74300	62580	66705	856380	651795	2130582	531039	365530	10913	9328	18712	19559	20077	20839	17729	7661	26	0	87367
LT120371LL	0	0	0	0	0	0	0	0	0	0	0	0	0	0	25847	39576	38318	45878	89398	1171999	858690	2629891	687739	722450	22268	11226	33223	40955	36959	45944	22810	2417	86	0	206654
LT076421LL	0	0	0	0	0	0	0	0	0	0	0	0	0	0	29939	30984	152445	95956	69431	778490	601902	1863438	467223	367073	11963	13870	20608	19148	21655	21041	15625	15028	24	0	96965
LT285671LU	0	0	0	0	0	0	0	0	0	0	0	0	0	0	28123	36362	68563	66076	71604	936987	761624	2538930	585370	445002	13546	11709	22098	25487	27098	27078	24374	7647	60	0	112093
LT076617LL	0	0	0	0	0	0	0	0	0	0	0	0	0	0	17276	27110	120557	82382	68356	847907	582740	2001509	441299	286578	9379	11593	16161	15672	16518	15931	16965	12336	17	0	106203
LT236519LL	0	0	0	0	0	0	0	0	0	0	0	0	0	0	22294	31819	243715	234682	67765	540985	489421	1553425	373296	334174	15320	30836	30444	25821	41842	26175	34243	37199	94	0	203646
LT012861RU	0	0	0	0	0	0	0	0	0	0	0	0	0	0	20663	33709	39759	44827	69986	937936	787134	2537091	576034	432135	13852	9764	28597	34025	30801	32806	16313	2884	44	0	140156
LT196309RL	0	0	0	0	0	0	0	0	0	0	0	0	0	0	37710	32854	92246	92818	73610	950366	658113	2613548	500573	507356	14208	11618	20987	26646	31894	31083	13710	9330	32	0	93926
LT006946RM	0	0	0	0	0	0	0	0	0	0	0	0	0	0	18848	28246	52054	41984	71661	983775	622903	2016686	556301	411450	11858	7973	20091	21559	21258	25644	12967	2961	12	0	113485
LT007392RU	0	0	0	0	0	0	0	0	0	0	0	0	0	0	17156	23661	85098	59690	100752	1268239	887406	2803459	604983	378048	12627	10955	28249	35690	32081	24656	23165	22954	69	0	217424
LT005419RU	0	0	0	0	0	0	0	0	0	0	0	0	0	0	19668	26659	163698	94935	71263	827274	648258	2088748	512160	479290	14241	11818	20763	23017	34696	19744	20888	22250	19	0	110043
LT206010LU	0	0	0	0	0	0	0	0	0	0	0	0	0	0	12854	24068	35792	36698	64287	852298	771997	2539134	728800	513498	16002	12085	26931	29059	24923	26380	18794	5188	55	0	156646
LT078347LL	0	0	0	0	0	0	0	0	0	0	0	0	0	0	12890	21948	172427	129197	57266	657885	509782	1964535	442516	335404	11670	11024	17352	18825	23871	17199	19526	17413	25	0	81592
LT213352LU	0	0	0	0	0	0	0	0	0	0	0	0	0	0	19949	32136	63011	49910	73321	981621	782186	2582662	636719	506029	14619	11483	23053	25738	26559	24784	16137	8743	34	0	120060
LT277811RL	0	0	0	0	0	0	0	0	0	0	0	0	0	0	34348	38616	211260	161745	56780	488530	394354	1610331	326561	414763	16161	21518	23185	24343	34543	26696	20969	20281	44	0	134871
LT071706RL	0	0	0	0	0	0	0	0	0	0	0	0	0	0	38807	41511	43943	58887	113987	1540852	1025904	2632699	633781	601265	22337	19612	38608	55217	49143	93567	58544	2205	190	2	287086
LT141224LL	0	0	0	0	0	0	0	0	0	0	0	0	0	0	12639	29154	21364	32131	75527	1086096	804696	2280076	612919	564641	15503	7446	23101	27531	22565	24428	13253	1694	62	0	147595
LT248906LL	0	0	0	0	0	0	0	0	0	0	0	0	0	0	32862	37717	65165	74191	119923	1215581	779382	1992482	430883	314156	12110	10212	21778	26343	22902	36187	24854	4190	37	1	156620
LT197511LU	0	0	0	0	0	0	0	0	0	0	0	0	0	0	43756	57129	155618	98289	115236	909966	811720	2267489	556196	422981	19693	19823	33098	34997	31621	27088	26337	15654	75	0	158660
LT242161RL	0	0	0	0	0	0	0	0	0	0	0	0	0	0	40438	46511	116778	85324	118025	1121391	799900	2397320	577772	499768	16848	15778	25476	29295	26440	28390	23614	10096	37	0	143880
LT106519RL	0	0	0	0	0	0	0	0	0	0	0	0	0	0	43735	55856	140248	116432	144225	1360276	1081850	2604822	807607	559304	20858	38499	35063	35906	31062	32206	44234	11401	62	1	226226
LT0249481LU	0	0	0	0	0	0	0	0	0	0	0	0	0	0	11740	14745	28068	26255	40310	434514	306941	778091	215004	179811	5919	4369	10368	12091	10229	9862	6822	2302	12	0	51672
LT150981RU	0	0	0	0	0	0	0	0	0	0	0	0	0	0	17847	25496	407421	156224	79743	641850	456476	1376178	306636	212290	8162	13608	21327	16189	22161	16814	35901	23601	27	0	113507
LT180758RM	0	0	0	0	0	0	0	0	0	0	0	0	0	0	30119	38504	112547	80807	117119	1147837	805398	2582343	456456	313566	13027	12248	27536	34993	31159	45862	36343	9553	53	0	168247
LT076181LI	0	0	0	0	0	0	0	0	0	0	0	0	0	0	31488	46786	68378	73339	112835	990041	1021688	3093766	801958	849164	23074	16225	31041	42133	32279	23159	20782	7442	47	0	207486
LT062121LL	0	0	0	0	0	0	0	0	0	0	0	0	0	0	21302	25658	239867	165599	76607	681446	529241	1676090	357665	359409	12504	23146	18233	22425	31268	17964	40369	26736	49	0	145346
LT037710RU	0	0	0	0	0	0	0	0	0	0	0	0	0	0	19968	28764	54035	51977	71778	601110	515515	1520204	370818	270534	9414	8877	16644	18661	16213	13346	13302	6111	14	0	107118
LT246994RU	0	0	0	0	0	0	0	0	0	0	0	0	0	0	25297	39617	246085	131587	95858	823884	645636	1738631	458945	352744	12795	18446	27939	23534	38870	23291	47177	36685	43	0	153789
LT165114RU	0	0	0	0	0	0	0	0	0	0	0	0	0	0	41320	49302	67921	85583	109916	906769	835283	2606649	764334	899529	28612	20730	31468	39780	38513	33210	23731	5546	200	0	227972
LT288719RL	0	0	0	0	0	0	0	0	0	0	0	0	0	0	33301	47926	81680	89905	148378	1724097	1055877	2614733	668455	567445	22262	19055	32123	35155	33547	27537	24715	11046	72	0	197392
LT280646RU	0	0	0	0	0	0	0	0	0	0	0	0	0	0	8746	12566	12263	18362	31824	347287	233533	731080	176579	204591	6388	3163	7028	8104	7648	9096	4584	477	23	0	40205
LT012933RL	0	0	0	0	0	0	0	0	0	0	0	0	0	0	58763	60223	125909	100088	121494	1133918	834224	2393788	605808	718140	23242	18002	29951	35538	35877	31491	27674	18226	43	0	187968
LT176510LU	0	0	0	0	0	0	0	0	0	0	0	0	0	0	11162	12576	229055	186785	29589	151254	122345	381450	84032	76189	3609	6724	11273	7731	12279	8186	15069	13620	11	0	58445
LT032411RU	0	0	0	0	0	0	0	0	0	0	0	0	0	0	23182	34318	342204	122632	86708	745175	665421	2220408	434548	312487	9063	12385	18002	18924	20975	13689	32960	24435	32	0	95749
LT087826LL	0	0	0	0	0	0	0	0	0	0	0	0	0	0	54306	59878	130142	154939	108047	834107	699559	2968227	741497	432358	20193	29603	41181	41660	40567	58799	39280	7759	99	0	368236
LT118064RL	0	0	0	0	0	0	0	0	0	0	0	0	0	0	17850	29696	193189	122029	71471	586997	515832	1460056	414107	320613	11654	36532	22978	21980	34139	15605	30260	25785	23	0	227958
LT125521LL	0	0	0	0	0	0	0	0	0	0	0	0	0	0	25379	33971	57802	65657	82910	858373	658985	1768493	449829	465229	14573	22558	20904	24293	24668	39742	89009	6002	61	0	147934
LT062141RL	0	0	0	0	0	0	0	0	0	0	0	0	0	0	4541	7812	31256	15883	20358	235683	176154	632777	166414	103959	3414	4098	6238	6571	7095	4911	5276	1471	4	0	20258
LT030151RU	0	0	0	0	0	0	0	0	0	0	0	0	0	0	4437	9174	41294	18250	19697	222711	163182	650829	151078	119417	3234	2611	5905	6192	6570	4960	6636	2022	9	0	18525
LT119682RL	0	0	0	0	0	0	0	0	0	0	0	0	0	0	5785	10120	14163	15154	30449	342423	226475	679469	178649	134107	3992	2780	7572	7513	6899	6341	4540	863	5	0	23414
LT273284LL	0	0	0	0	0	0	0	0	0	0	0	0	0	0	4149	5456	113345	36200	16160	148859	120797	506288	95019	85426	2779	5311	5450	5034	5687	4507	8348	3296	3	0	23976
LT233821RL	0	0	0	0	0	0	0	0	0	0	0	0	0	0	4473	6579	11737	12045	20155	246055	173512	591642	128527	163788	3900	2465	5583	6573	6027	5805	4261	611	19	0	20275
LT017811RM	0	0	0	0	0	0	0	0	0	0	0	0	0	0	8011	8888	45564	16547	19852	191329	146276	435477	106638	58062	2685	3343	6712	7561	9143	14616	9320	1807	11	0	25258
LT108067RU	0	0	0	0	0	0	0	0	0	0	0	0	0	0	4712	7877	13898	10995	20833	279731	190408	679171	156975	163534	4577	3271	6790	7829	7168	6437	4936	957	12	0	26456
LT089958RL	0	0	0	0	0	0	0	0	0	0	0	0	0	0	7982	8059	57637	21987	17411	196472	128604	439074	112715	87776	3075	3930	6175	6350	8378	7215	6240	2286	2	0	16088
LT259072LU	0	0	0	0	0	0	0	0	0	0	0	0	0	0	6606	8167	11174	10408	18010	207808	143203	434681	115934	92497	3076	2319	5990	6158	6714	8201	3805	729	4	0	18223
LT166111RU	0	0	0	0	0	0	0	0	0	0	0	0	0	0	22385	29164	101018	71461	81379	1102995	714560	2118129	569218	558609	16220	13133	23510	25825	24681	32283	61944	3909	141	0	77303
LT139691RU	0	0	0	0	0	0	0	0	0	0	0	0	0	0	34780	53980	125830	81718	117693	1154829	1034752	3934203	859633	605491	19515	20045	45691	48584	48064	38951	31794	5965	51	0	215448
LT096554LU	0	0	0	0	0	0	0	0	0	0	0	0	0	0	15978	19391	32301	32158	54820	728055	433941	1493311	380690	393169	11220	6060	14164	16326	16358	12164	7892	1780	77	0	72373
LT017275LL	0	0	0	0	0	0	0	0	0	0	0	0	0	0	26420	32663	814933	291972	103130	1062417	685759	2990789	546371	384073	11867	20840	29477	24485	29604	18425	70710	22596	37	0	136751
LT079487LL	0	0	0	0	0	0	0	0	0	0	0	0	0	0	19658	29469	225793	94052	99646	1191645	798288	3158069	606157	387738	13524	14350	33670	40280	35826	31743	34609	6944	63	0	185163
LT142933RU	0	0	0	0	0	0	0	0	0	0	0	0	0	0	20394	40689	132707	74614	100083	1403821	777541	2485159	742071	678102	20083	17029	35111	30901	31373	31410	26928	4304	40	0	212060
LT024857LU	0	0	0	0	0	0	0	0	0	0	0	0	0	0	51891	48138	333473	162774	89376	812087	637849	2925308	586518	454400	15893	23782	33757	39785	51267	41819	37207	7144	43	0	164565
LT222755RL	0	0	0	0	0	0	0	0	0	0	0	0	0	0	26349	43854	63705	61561	90116	1071528	789571	2483041	774599	588271	17135	11864	32161	32222	33674	31846	18213	2629	50	0	155554
LT072789RU	0	0	0	0	0	0	0	0	0	0	0	0	0	0	21810	29812	239550	141268	69283	686966	539208	1920166	411488	596433	16557	13086	18962	19129	25829	18288	35595	12181	48	0	116158
LT197381LI	0	0	0	0	0	0	0	0	0	0	0	0	0	0	14837	23543	380702	129785	55369	457637	410836	1495371	321461	200644	7304	11679	15935	13930	15541	12235	19103	5959	25	0	92575
LT262371RM	0	0	0	0	0	0	0	0	0	0	0	0	0	0	31113	41743	228560	101571	99628	1135663	759276	2612453	632732	662554	21636	19845	30082	30225	31764	31689	30210	7660	56	0	169040
LT264283RL	0	0	0	0	0	0	0	0	0	0	0	0	0	0	54353	59359	124287	105252	151595	2088377	1302669	3919503	902548	719036	27129	25698	50477	66547	65571	70667	43215	7030	54	0	252413
LT190004RU	0	0	0	0	0	0	0	0	0	0	0	0	0	0	15915	25103	349386	168474	78240	885921	540222	1721158	409285	457655	13953	14192	22777	22001	26892	18284	36011	18407	58	0	121255
LT045399RL	0	0	0	0	0	0	0	0	0	0	0	0	0	0	39278	48287	133744	88000	102444	1064176	872973	2672776	714502	524954	20230	21269	41075	46743	46406	37379	42105	10633	85	0	153561
LT177521RU	0	0	0	0	0	0	0	0	0	0	0	0	0	0	11936	19445	37568	30931	49117	590700	436307	1441302	483001	308186	10960	7802	18213	21549	21058	18031	12194	1971	41	0	87990
LT158795LL	0	0	0	0	0	0	0	0	0	0	0	0	0	0	48373	56209	127476	107002	121473	911545	758900	3161981	1238083	580181	36250	33928	90757	79119	60587	76087	48668	6395	122	0	563833
LT083759RL	0	0	0	0	0	0	0	0	0	0	0	0	0	0	72216	80834	101769	131077	212890	2295062	1598226	4424554	1391965	1123720	62757	42867	79452	102036	97646	84656	53887	4861	596	0	380795
LT280851LL	0	0	0	0	0	0	0	0	0	0	0	0	0	0	24807	38257	261042	128489	79317	862426	686749	2319301	570490	449045	16566	21370	28299	27731	28417	25245	49924	17146	35	0	165974
LT235441RL	0	0	0	0	0	0	0	0	0	0	0	0	0	0	21579	40298	115435	72643	117596	1672316	1055951	3162051	925659	730496	22183	16143	34278	40323	40124	33273	31512	6659	62	0	197703
LT169564RU	0	0	0	0	0	0	0	0	0	0	0	0	0	0	26128	32991	224922	99411	86174	1107702	717662	2130290	538167	407814	12642	10850	27528	30282	30423	23352	29242	12499	30	0	139087
LT126293RU	0	0	0	0	0	0	0	0	0	0	0	0	0	0	13332	30645	30832	50171	112094	1602856	1013918	2315290	684597	350968	16172	9643	24716	27047	24776	23625	15032	2279	43	0	110485
LT084808LU	0	0	0	0	0	0	0	0	0	0	0	0	0	0	24155	49886	73916	77578	129697	1764939	1146514	3142779	1094891	631857	22121	14999	39118	42829	36555	27838	26472	6347	56	0	261245
LT191618LU	0	0	0	0	0	0	0	0	0	0	0	0	0	0	23972	37954	43959	53209	95916	1300868	781960	2400705	610793	485893	16727	10772	31140	34229	30928	34439	17446	2124	150	0	170301
LT157856LU	0	0	0	0	0	0	0	0	0	0	0	0	0	0	52565	58157	77092	79373	98227	1105275	837599	3229290	1233462	761277	30167	22682	63535	69286	62891	77188	40097	3338	104	0	609319
LT055396LU	0	0	0	0	0	0	0	0	0	0	0	0	0	0	44037	46626	129715	82053	124443	1649786	933210	3072778	761745	497762	17431	21975	34584	39598	40337	34933	22576	5482	34	0	193182
LT205707LL	0	0	0	0	0	0	0	0	0	0	0	0	0	0	34391	46056	164483	88832	122115	1550980	973791	3053235	663513	668732	22713	18074	39763	44092	40361	40746	32455	8608	83	0	235112
LT028264RL	0	0	0	0	0	0	0	0	0	0	0	0	0	0	16739	28640	250327	116906	74200	956368	581981	1858810	561904	544718	19422	14120	26715	25654	24223	16565	26500	11160	42	0	178273
LT157177RU	0	0	0	0	0	0	0	0	0	0	0	0	0	0	24335	31883	175686	90875	80708	860893	618809	2570669	737972	492500	21319	18947	36768	39040	35596	40079	38975	6333	74	0	371034
LT059224RL	0	0	0	0	0	0	0	0	0	0	0	0	0	0	48287	67386	164717	102726	111773	1093210	786729	2548047	604887	530517	23098	28271	43708	48128	47967	51943	41797	9631	62	0	305743
LT223106RU	0	0	0	0	0	0	0	0	0	0	0	0	0	0	20573	29763	261752	115932	77341	902186	630028	2203493	606108	365215	12332	13826	26183	25172	28245	19465	27237	11533	31	0	154373
LT251693LL	0	0	0	0	0	0	0	0	0	0	0	0	0	0	31907	52587	98253	79609	126870	1602931	1085151	3371738	882429	659026	20479	15834	36973	38657	35671	34988	35371	7018	67	0	224113
LT197821RL	0	0	0	0	0	0	0	0	0	0	0	0	0	0	36772	57184	114620	101282	136247	1180051	1095045	3286585	814120	476586	20922	20846	37287	43741	41502	35137	29922	6650	74	0	215637
LT277036RU	0	0	0	0	0	0	0	0	0	0	0	0	0	0	25363	33235	436167	161106	96649	823573	695146	1693194	419978	311435	13498	24146	23490	23059	31650	20435	46754	27103	34	0	144687
LT130603LL	0	0	0	0	0	0	0	0	0	0	0	0	0	0	4753	9109	78794	38947	23102	154903	163533	479803	137849	88970	3485	7102	7669	6757	7507	5267	11376	4993	11	0	58494
LT013743LL	0	0	0	0	0	0	0	0	0	0	0	0	0	0	25797	42412	104432	76991	111654	1238512	1003667	2527138	830048	539925	17140	16282	29228	26424	24550	27460	78670	4785	64	0	140857
LT243794RL	0	0	0	0	0	0	0	0	0	0	0	0	0	0	17995	33901	173082	107672	92867	725701	725134	1927929	593392	417827	16096	21163	30628	31059	32006	27768	32097	11783	37	0	214626
LT184772RL	0	0	0	0	0	0	0	0	0	0	0	0	0	0	51469	52779	208143	139739	89498	411669	513801	1932895	811079	471317	24219	27044	42902	45423	35999	33772	52226	10405	314	0	474924
LT91552LL	0	0	0	0	0	0	0	0	0	0	0	0	0	0	25036	46346	57436	66847	128045	1286852	1022496	2581936	723598	643869	20678	12401	36157	38386	30861	42192	22678	2460	84	0	200349
LT122336LU	0	0	0	0	0	0	0	0	0	0	0	0	0	0	36765	58690	151998	113288	125602	1032340	1123602	2945385	916275	701719	22136	20442	36818	36380	37112	37181	30512	6030	50	0	195374
LT220968RU	0	0	0	0	0	0	0	0	0	0	0	0	0	0	48213	60517	73266	90309	151131	1326894	1257537	3561160	1067821	742926	25617	16638	47905	55967	54140	47604	24153	3168	140	0	233052
LT141870LU	0	0	0	0	0	0	0	0	0	0	0	0	0	0	18620	27124	64878	46764	59040	518961	440527	1184011	336830	290167	9973	8135	18168	21176	18992	24544	16904	3476	32	0	99663
LT069585RL	0	0	0	0	0	0	0	0	0	0	0	0	0	0	13425	15467	395917	126425	44956	208972	182277	644153	141211	92160	5682	10329	14819	14363	15245	23233	29420	14647	39	0	153624
LT168204LL	0	0	0	0	0	0	0	0	0	0	0	0	0	0	24723	39657	111898	81344	94966	749549	823888	2425752	815340	666345	21560	16400	34567	35514	33385	30684	27045	10506	46	0	268975
LT028044RU	0	0	0	0	0	0	0	0	0	0	0	0	0	0	32757	41791	132319	107583	118444	1063498	846690	2716158	582127	438808	18463	19248	36531	39361	34890	31217	26886	6650	70	0	283720
LT077800RU	0	0	0	0	0	0	0	0	0	0	0	0	0	0	25690	33167	227418	107502	78812	683646	592820	1957753	518785	381496	14259	18273	24417	25725	26170	23197	32390	10328	39	0	213153
LT123313RM	0	0	0	0	0	0	0	0	0	0	0	0	0	0	26904	28704	301780	151084	84286	702743	559577	1721276	331490	245191	9485	13392	21191	21928	22738	22779	27114	12431	45	0	166455
LT296771LL	0	0	0	0	0	0	0	0	0	0	0	0	0	0	27847	41727	74664	58006	93172	808143	751538	2082579	563952	419757	17386	15020	33726	34454	32353	30562	21442	3926	54	0	263779
LT234205RL	0	0	0	0	0	0	0	0	0	0	0	0	0	0	43982	61564	483099	196121	155475	1271909	1000431	3101956	605615	450144	26654	33795	53602	56690	61515	55162	62838	27939	90	0	457361
LT066309LL	0	0	0	0	0	0	0	0	0	0	0	0	0	0	26199	29666	295928	97015	87973	849904	582215	1681818	293036	164028	8272	10384	18786	20726	25305	19256	26821	13220	28	0	146440
LT111643RU	0	0	0	0	0	0	0	0	0	0	0	0	0	0	12983	20810	86247	47894	51228	488448	406332	1059134	302178	236276	8580	6327	14519	13273	12252	15379	14873	4611	20	0	115065
LT184901RU	0	0	0	0	0	0	0	0	0	0	0	0	0	0	7913	12193	146551	62174	33602	230881	209149	571892	167045	121228	4694	7213	10255	8253	10342	7420	16054	12759	19	0	91112
LT072387LU	0	0	0	0	0	0	0	0	0	0	0	0	0	0	27154	44109	51472	62843	104366	1238709	1042321	3098105	924680	659407	20399	12843	33065	35028	34725	29579	22105	2511	49	0	115976
LT258372RL	0	0	0	0	0	0	0	0	0	0	0	0	0	0	28330	43134	338154	202516	105846	948110	892915	2677929	937182	833828	28318	32524	44228	37974	42532	29703	37988	26704	69	0	233294
LT230415RU	0	0	0	0	0	0	0	0	0	0	0	0	0	0	15345	23637	33868	33160	58440	622157	543088	1794739	474252	355273	11324	6168	19650	22331	22463	25524	12712	2463	43	0	71057
LT203446LL	0	0	0	0	0	0	0	0	0	0	0	0	0	0	28221	41458	130530	86691	92651	1106164	866164	2703900	828271	529239	18221	15045	28843	28338	30614	26500	22682	6719	25	0	111481
LT044225RL	0	0	0	0	0	0	0	0	0	0	0	0	0	0	27388	36114	202961	119128	108285	1209819	972385	3125086	791509	565990	19890	15976	31791	37561	38862	30652	26057	10575	87	0	127611
LT253371RL	0	0	0	0	0	0	0	0	0	0	0	0	0	0	33175	52214	445380	230558	163230	1795810	1448157	4989437	1264814	925424	30304	26145	47671	53097	57805	43817	53067	20024	105	0	193820
LT095342LU	0	0	0	0	0	0	0	0	0	0	0	0	0	0	31169	34689	68888	73623	124297	1790945	1268755	3718730	633926	489022	15476	9055	23012	28846	29092	24055	17891	2664	73	0	93435
LT067200LU	0	0	0	0	0	0	0	0	0	0	0	0	0	0	28224	32619	86418	77253	76582	769886	701677	2125237	590020	419575	16761	14231	31190	35641	38348	40513	29354	5715	54	0	129463
LT041389RL	0	0	0	0	0	0	0	0	0	0	0	0	0	0	9936	16430	35555	26881	38786	406556	347743	1120544	340846	277328	10045	6408	15317	17610	17566	17095	12201	2542	37	0	76596
LT121014LL	0	0	0	0	0	0	0	0	0	0	0	0	0	0	18072	34055	65950	57043	72020	733149	840942	2342322	773110	566688	18833	14044	26812	24270	22980	19167	17264	5260	38	0	95924
LT213735RU	0	0	0	0	0	0	0	0	0	0	0	0	0	0	24707	28947	161380	108795	78781	1004620	737854	2667631	635643	408382	13090	10131	22877	24875	28054	22653	14853	7168	25	0	124341
LT024967LU	0	0	0	0	0	0	0	0	0	0	0	0	0	0	27775	46616	397057	225742	98508	798966	808139	3022452	780273	875568	29732	30613	41406	35678	38330	30899	39670	20634	76	0	261563
LT271100LU	0	0	0	0	0	0	0	0	0	0	0	0	0	0	34671	42749	107742	74731	97427	1050111	866525	2647380	719160	518670	17293	14690	33579	36000	37956	38771	22862	8046	53	0	200548
LT021461RM	0	0	0	0	0	0	0	0	0	0	0	0	0	0	17666	27186	333710	175056	67559	612516	624393	1813939	464993	327237	11529	13233	22490	17200	24325	16810	24888	14781	32	0	132249
LT063974LL	0	0	0	0	0	0	0	0	0	0	0	0	0	0	26601	38742	146865	85047	108347	1541583	1029731	3042783	826753	549627	17167	24827	31188	31103	31534	27623	21541	9014	48	0	196532
LT286644RL	0	0	0	0	0	0	0	0	0	0	0	0	0	0	28926	46584	141424	93759	103220	1138159	961880	3241811	823248	612380	20300	14392	35830	36132	35660	37526	26253	6151	44	0	213395
LT056024RL	0	0	0	0	0	0	0	0	0	0	0	0	0	0	35922	57929	94954	91568	130962	1593273	1284569	3987515	1035303	730265	24177	17288	46643	47987	46611	44930	26888	5133	174	0	264245
LT102131RL	0	0	0	0	0	0	0	0	0	0	0	0	0	0	21292	24829	132391	83930	51470	351825	330428	993679	304646	334417	15012	23298	21361	20169	19719	27105	23248	9756	66	0	256323
LT028427LU	0	0	0	0	0	0	0	0	0	0	0	0	0	0	35229	41284	128877	98092	82272	876927	798105	2748239	798158	614329	17947	13913	28152	29571	33551	31117	22181	8853	38	0	152339
LT205601LL	0	0	0	0	0	0	0	0	0	0	0	0	0	0	7347	8525	87251	38236	19094	163130	142102	530542	108787	70914	2808	3432	6584	7081	7380	8208	7061	3211	6	0	38217
LT221782LL	0	0	0	0	0	0	0	0	0	0	0	0	0	0	28906	34806	74558	63410	69886	673246	580205	1763781	467267	313587	12737	10874	23234	28348	27982	31750	21442	5417	38	0	123643
LT139051LU	0	0	0	0	0	0	0	0	0	0	0	0	0	0	48651	72308	141609	115725	177289	2002575	1323259	3573585	989679	577519	30249	24863	64865	58750	55830	93126	61811	5715	215	1	377050
LT131887LL	0	0	0	0	0	0	0	0	0	0	0	0	0	0	20711	29399	64552	70034	88237	932803	686608	2040560	507802	574286	16972	11792	20888	24197	23076	32491	23476	4676	199	0	129898
LT043798LU	0	0	0	0	0	0	0	0	0	0	0	0	0	0	14200	18504	273187	92316	50968	466614	282826	996465	196591	177610	7107	8650	14646	12365	15307	19463	31317	9438	20	0	73457
LT100654RL	0	0	0	0	0	0	0	0	0	0	0	0	0	0	11637	20780	90415	48749	49446	580321	351251	1106965	320859	257487	8222	6361	15377	12472	14677	14746	22164	6192	24	0	70129
LT230142RL	0	0	0	0	0	0	0	0	0	0	0	0	0	0	39752	55243	97274	79014	121785	1455074	902036	2754266	964374	510588	18163	16588	42476	36679	39750	40374	28437	5084	48	0	196058
LT216500LU	0	0	0	0	0	0	0	0	0	0	0	0	0	0	22490	33872	208831	94455	82464	866555	566583	2153082	529620	306683	11510	17673	26597	23370	25085	25414	44105	8430	45	0	142226
LT001098RU	0	0	0	0	0	0	0	0	0	0	0	0	0	0	20163	28296	58275	59195	83080	877525	608432	2287765	495447	254162	8260	9574	21007	22279	21043	25500	30212	2815	21	0	128977
LT021748RL	0	0	0	0	0	0	0	0	0	0	0	0	0	0	19642	23527	75717	55844	56611	601539	461227	1474068	322638	246233	8415	9695	14795	17271	19730	24176	19248	10240	21	0	88600
LT243058RU	0	0	0	0	0	0	0	0	0	0	0	0	0	0	31958	54267	72654	72063	112036	1132356	844947	2734363	765604	433542	16972	16732	39449	32309	29696	39046	34813	5160	38	0	166490
LT196677RU	0	0	0	0	0	0	0	0	0	0	0	0	0	0	14515	31091	41467	46874	86947	1166179	633437	1960371	635624	331635	12457	8138	26771	23568	20681	20599	18992	3291	63	0	140577
LT269381RU	0	0	0	0	0	0	0	0	0	0	0	0	0	0	16940	24251	163116	108349	65750	683119	372569	1194057	376372	332158	10692	9923	20076	14549	18911	15637	31738	13314	36	0	104289
LT222702LL	0	0	0	0	0	0	0	0	0	0	0	0	0	0	43299	59087	223912	121609	110225	1088669	722578	2096550	681036	526679	18138	25099	37174	35332	40063	90056	371732	9448	68	1	190581
LT178967RL	0	0	0	0	0	0	0	0	0	0	0	0	0	0	26274	32196	193250	113624	66703	672756	397639	1327183	378528	351809	11442	17881	21879	19671	20429	26070	30511	9540	46	0	138503
LT022251RL	0	0	0	0	0	0	0	0	0	0	0	0	0	0	19554	26030	24774	45723	81297	1083544	777583	2462542	811353	716382	21918	9592	21293	22496	20577	18661	11631	1544	66	0	128350
LT282601LL	0	0	0	0	0	0	0	0	0	0	0	0	0	0	14329	26388	34361	33029	55694	630924	447979	1391710	406027	262597	9392	8237	23732	25973	21018	22793	15757	2022	40	0	100369
LT270821RU	0	0	0	0	0	0	0	0	0	0	0	0	0	0	18928	30387	85879	56067	69665	758386	455792	1648096	382117	224396	8755	12922	20019	18169	19654	20116	23216	4271	16	0	106058
LT152653LU	0	0	0	0	0	0	0	0	0	0	0	0	0	0	10253	18674	94267	45512	43541	473863	287087	1056227	272539	189897	6836	5624	14235	11649	11864	13251	20827	3895	9	0	67900
LT249811RU	0	0	0	0	0	0	0	0	0	0	0	0	0	0	33186	49778	90487	69838	91403	889057	625606	2377224	572941	419741	15504	12798	27012	25038	24732	28616	26719	3388	37	0	115266
LT090666LI	0	0	0	0	0	0	0	0	0	0	0	0	0	0	21040	21738	35627	29788	44078	496022	291242	919432	243456	145982	6574	6915	16085	17386	17439	23939	14841	1456	17	0	77621
LT274443LU	0	0	0	0	0	0	0	0	0	0	0	0	0	0	32539	42515	54547	69868	79738	654553	851887	2540798	849916	412716	19374	16382	44818	38367	38464	48420	26276	3395	60	0	146649
LT059721LU	0	0	0	0	0	0	0	0	0	0	0	0	0	0	26258	31495	55770	53848	80670	1072809	641619	1602970	419587	304374	10849	8970	19902	25212	24836	25713	16385	5597	40	0	105885
LT228772LL	0	0	0	0	0	0	0	0	0	0	0	0	0	0	23365	45279	158044	119850	111144	1076819	954393	2165654	591241	469290	17105	13913	31401	29948	32729	30018	29392	25538	53	0	122620
LT160089RU	0	0	0	0	0	0	0	0	0	0	0	0	0	0	11240	13146	51715	30928	37425	400318	290707	971937	226491	112087	5766	6159	14001	15832	16211	23343	15339	2478	29	0	83820
LT084038RM	0	0	0	0	0	0	0	0	0	0	0	0	0	0	30964	44706	138770	106950	96174	1014641	801989	2689262	692345	545028	18099	18522	31786	34623	33089	27962	24424	13168	36	0	144173
LT217339RL	0	0	0	0	0	0	0	0	0	0	0	0	0	0	19176	29119	37162	38961	63566	706232	609718	1553456	516417	405387	13171	7253	23424	27096	23829	22617	11561	2461	23	0	99610
LT253131RU	0	0	0	0	0	0	0	0	0	0	0	0	0	0	17445	28480	64060	61903	65291	629407	543154	1556046	396243	411567	15660	8524	18084	20859	18320	15150	12639	7589	38	0	88397
LT236557RL	0	0	0	0	0	0	0	0	0	0	0	0	0	0	18723	29472	222175	105234	66381	611188	535877	1532442	390349	253772	12155	15273	21938	25949	37274	19894	32051	27957	13	0	109906
LT118519RL	0	0	0	0	0	0	0	0	0	0	0	0	0	0	16401	24086	23939	37252	60503	645928	515461	1410038	409673	359846	12241	8751	21791	31182	26095	28283	16472	1035	101	0	107922
LT123131RL	0	0	0	0	0	0	0	0	0	0	0	0	0	0	27596	33069	37514	49776	65739	664132	514755	1454592	390702	330373	13853	10151	20941	23999	22199	26211	19293	1906	121	0	97955
LT134776LL	0	0	0	0	0	0	0	0	0	0	0	0	0	0	19552	25851	54308	47197	57031	624907	459402	1304026	398160	274940	9980	8856	16644	21069	20664	20503	13360	5493	24	0	74649
LT147658RU	0	0	0	0	0	0	0	0	0	0	0	0	0	0	13254	22394	31421	32329	59407	771715	490552	1554693	393326	260809	7906	6808	17408	20774	17663	20022	11508	2316	31	0	73798
LT199987LU	0	0	0	0	0	0	0	0	0	0	0	0	0	0	23454	32568	111759	81953	65620	467660	460339	1517585	396487	270460	11628	12053	17991	21306	21148	16627	23380	13708	48	0	85610
LT168094RL	0	0	0	0	0	0	0	0	0	0	0	0	0	0	23229	31492	214694	178923	62182	384126	443614	1735186	547502	451876	18711	20903	32010	38107	42354	37791	54750	16558	88	0	201080
LT050246RU	0	0	0	0	0	0	0	0	0	0	0	0	0	0	22823	37637	42147	54996	72215	599564	555582	1393999	429999	302407	15404	12882	27679	33422	27292	31199	27888	2080	72	0	126438
LT046103LU	0	0	0	0	0	0	0	0	0	0	0	0	0	0	11054	15926	192558	121154	43411	337548	290594	837639	224598	209657	9977	12357	15767	18215	27871	14730	18618	23393	31	0	77171
LT022562LL	0	0	0	0	0	0	0	0	0	0	0	0	0	0	67495	74572	89947	121050	198035	2182144	1287480	3425281	884612	468338	30697	25241	60483	62778	62226	180754	101586	2773	179	1	421742
LT112597RU	0	0	0	0	0	0	0	0	0	0	0	0	0	0	33278	48531	73208	73155	109858	1276409	942726	2599816	765125	539944	20272	17698	33536	41116	39254	43636	24349	8117	63	0	152233
LT290677RU	0	0	0	0	0	0	0	0	0	0	0	0	0	0	15601	19860	33954	33401	54667	710264	422809	1217645	291909	186993	5772	4244	11064	12758	12100	13245	8215	2812	21	0	38917
LT264690LU	0	0	0	0	0	0	0	0	0	0	0	0	0	0	25311	28017	36227	40475	62010	721024	506680	1490655	366402	284351	9191	8059	18984	24018	22948	28690	18000	2225	34	0	71174
LT100821RL	0	0	0	0	0	0	0	0	0	0	0	0	0	0	27744	34485	136613	77105	66356	532668	480529	2443872	713226	356331	14401	13489	30753	29613	29893	33917	25571	4193	44	0	175635
LT184423LL	0	0	0	0	0	0	0	0	0	0	0	0	0	0	12996	22077	25975	29400	64795	744786	528139	1475799	393835	252994	9793	6555	19376	20994	18343	18506	11784	1411	15	0	91167
LT188161LL	0	0	0	0	0	0	0	0	0	0	0	0	0	0	39367	40596	103952	59982	72418	611156	538571	1563685	396689	340760	12351	13298	23776	27492	28122	29882	39239	5185	47	1	103831
LT148377LU	0	0	0	0	0	0	0	0	0	0	0	0	0	0	13798	26498	65669	37311	53504	556693	443754	1308701	398588	288500	9059	9204	20209	17097	17039	18031	16568	5247	20	0	90268
LT089451RU	0	0	0	0	0	0	0	0	0	0	0	0	0	0	13257	17857	486133	166464	42068	275066	196882	741026	174242	112213	7097	13355	20876	13932	28201	14977	57581	19384	8	0	67599
LT070403LL	0	0	0	0	0	0	0	0	0	0	0	0	0	0	14210	20330	134211	59475	47125	428983	389644	1258060	379938	254336	8108	12227	17456	17371	19001	17454	27774	8099	16	0	81962
LT244824RU	0	0	0	0	0	0	0	0	0	0	0	0	0	0	12788	17124	222885	54277	52893	518719	346768	1233180	204374	144704	5030	5867	13335	14885	17273	25649	31442	8404	9	0	67730
LT158647RU	0	0	0	0	0	0	0	0	0	0	0	0	0	0	17434	25982	85804	48396	73999	718303	552179	1764824	419494	213610	7605	6899	16655	15375	15762	13797	14633	3514	23	0	67181
LT195522RU	0	0	0	0	0	0	0	0	0	0	0	0	0	0	11986	22479	100346	53845	73639	868014	637938	2165604	662073	443671	11502	16407	22256	20956	18870	15150	24041	5443	17	0	94568
LT111916LL	0	0	0	0	0	0	0	0	0	0	0	0	0	0	8687	12020	131265	55055	22438	133425	132705	537824	195259	165697	6531	9016	11399	13875	17164	12935	21844	4142	25	1	75547
LT059865RU	0	0	0	0	0	0	0	0	0	0	0	0	0	0	33764	42958	156403	95220	76398	632540	559770	1873454	493032	313072	11006	13803	25891	25600	25889	28139	28510	5963	14	0	138447
LT265662LU	0	0	0	0	0	0	0	0	0	0	0	0	0	0	14906	33464	55312	41203	81760	952359	726420	2264131	633193	452613	13877	9028	23352	22774	20904	21262	16692	2651	18	0	144989
LT102695LL	0	0	0	0	0	0	0	0	0	0	0	0	0	0	20093	24820	42299	34450	59869	662438	467700	1482292	430056	461562	13328	8002	17971	19490	18814	27079	14094	2006	45	0	125116
LT083491LU	0	0	0	0	0	0	0	0	0	0	0	0	0	0	20916	33119	91000	65235	85544	882901	697514	2040693	600152	506804	14768	14143	27892	28641	26542	21837	22095	6433	23	0	172762
LT229669RU	0	0	0	0	0	0	0	0	0	0	0	0	0	0	19007	33052	157249	75733	76195	776427	585993	2076409	415354	284911	11662	10595	23280	25735	25524	22994	28469	6407	37	1	127755
LT234774LU	0	0	0	0	0	0	0	0	0	0	0	0	0	0	32658	36899	238977	95612	77012	761048	563047	1814460	444247	302810	11286	13676	21768	23057	28976	36802	75452	9155	53	0	125156
LT128262RU	0	0	0	0	0	0	0	0	0	0	0	0	0	0	12371	14481	711333	170279	44625	209604	185104	710327	117682	84444	3969	7534	9483	7481	10787	10681	34915	11718	5	0	58132
LT107185RU	0	0	0	0	0	0	0	0	0	0	0	0	0	0	16916	37276	264529	90677	67754	604911	493092	1507888	411210	333486	9517	9218	19311	16983	20713	18303	59130	13135	17	0	107200
LT144769RL	0	0	0	0	0	0	0	0	0	0	0	0	0	0	27349	31077	81288	56454	81512	975294	598531	1879306	533202	338788	9676	8237	20789	20737	21674	25356	15657	3465	17	0	102991
LT019699RL	0	0	0	0	0	0	0	0	0	0	0	0	0	0	14305	19804	265806	97780	47175	355768	317908	1144065	238570	177562	6209	9399	14762	13314	16634	12820	30176	9840	18	0	81379
LT125521LL-2	0	0	0	0	0	0	0	0	0	0	0	0	0	0	13626	19245	214092	154592	51907	516256	477569	2166725	333377	418407	10156	25876	14496	14990	22568	36941	127313	8303	47	0	68074
LT159988RL	0	0	0	0	0	0	0	0	0	0	0	0	0	0	28673	38131	416663	213410	89203	628338	634541	2412565	597905	358554	12001	18261	28381	27890	29190	26290	69659	14255	49	0	107815
LT119300LU	0	0	0	0	0	0	0	0	0	0	0	0	0	0	20401	27263	281150	119954	68719	542559	439007	1396884	368369	263534	9299	15305	20241	19833	25798	21184	49113	14448	26	0	94285
LT126327LU	0	0	0	0	0	0	0	0	0	0	0	0	0	0	28761	35385	135146	71392	108732	1177994	848445	2630647	539713	321543	14522	13387	28161	34184	35373	32124	31229	7651	29	0	105389
LT228897LL	0	0	0	0	0	0	0	0	0	0	0	0	0	0	10066	15672	71610	43334	41999	410913	330681	1090513	254605	295263	8480	10140	13732	15802	15780	17561	19782	4974	15	0	64473
LT112491RM	0	0	0	0	0	0	0	0	0	0	0	0	0	0	50645	75728	137141	97995	127211	946442	839992	2723339	786018	550968	34812	30946	47700	45804	44346	43700	42421	11889	87	0	192374
LT134719RU	0	0	0	0	0	0	0	0	0	0	0	0	0	0	22098	31773	358878	128212	62358	338453	314307	1613446	266384	177997	16566	24077	24400	22990	26220	18567	50737	12893	28	0	104828
LT238765RL	0	0	0	0	0	0	0	0	0	0	0	0	0	0	11626	17555	82507	38605	38765	316328	255221	864898	207804	149140	5220	7186	13335	13533	15254	16239	18542	5121	9	0	61852
LT128191LL	0	0	0	0	0	0	0	0	0	0	0	0	0	0	22068	38638	70420	58456	99561	1118785	771695	1897490	642645	590619	19715	11891	27267	25681	25868	28893	20898	4538	55	0	116091
LT221983RM	0	0	0	0	0	0	0	0	0	0	0	0	0	0	12169	22645	135474	74153	47868	400171	382519	1371764	387318	322626	9047	12077	16877	16707	16669	14163	32268	9416	16	0	94843
LT211455LU	0	0	0	0	0	0	0	0	0	0	0	0	0	0	47507	49260	150074	87076	90186	739319	622283	2121331	442058	270428	11050	14660	25300	28542	31860	47942	54020	8008	50	0	133124
LT174536LU	0	0	0	0	0	0	0	0	0	0	0	0	0	0	12870	15518	524985	124932	49058	304737	214190	557364	146197	73860	3961	4866	11084	8936	10173	11164	28098	14527	18	0	73799
LT203541RU	0	0	0	0	0	0	0	0	0	0	0	0	0	0	36736	38043	120526	63858	81886	742879	559274	1704600	494191	420606	13937	12199	26685	28566	31191	37304	28859	13495	30	0	148156
LT195192RL	0	0	0	0	0	0	0	0	0	0	0	0	0	0	17166	24552	236889	104287	71158	715253	479796	1677415	353266	218753	7133	7427	18934	18175	17166	15420	26985	6816	23	0	86376
LT056464LL	0	0	0	0	0	0	0	0	0	0	0	0	0	0	18795	22869	46391	40242	81300	981367	667285	1534508	314415	170513	10336	7372	14733	17901	16036	18582	12455	1905	77	0	83040
LT271679LU	0	0	0	0	0	0	0	0	0	0	0	0	0	0	10169	15107	74789	36316	50171	622790	358310	1293641	201810	132668	6228	6139	12938	13060	11261	13367	11903	2918	37	0	62080
LT212777RU	0	0	0	0	0	0	0	0	0	0	0	0	0	0	10702	20012	85381	43481	61330	681200	521115	1450161	366583	229321	9960	6708	15939	15710	14985	12397	13035	4011	14	0	81949
LT299181LU	0	0	0	0	0	0	0	0	0	0	0	0	0	0	29888	41840	91177	65816	77392	604190	550986	1814186	538137	639936	17803	12319	30585	32202	33202	57118	40526	5069	33	0	201678
LT145196LU	0	0	0	0	0	0	0	0	0	0	0	0	0	0	5024	7725	186288	84952	18078	67539	125572	277633	73933	47840	1922	4186	6980	4363	6402	4246	33416	6599	6	0	32577
LT167906LL	0	0	0	0	0	0	0	0	0	0	0	0	0	0	19676	23037	42317	53704	55570	461992	488336	1773439	544838	398584	14688	12728	25269	26620	25691	43239	27909	2913	40	0	208185
