1	2	3	4	5	6	7	8	9	10	11	12	13	14	15	16	17	18	19	20	21	22	23	24	25	26	27	28	29	30	31	32	33	34	35
LT187987LL	5344	4584	8668	25201	88470	85586	386648	253470	144969	95753	47345	79297	44809	56914	86897	98055	131083	259118	434933	2598484	2222657	4737188	4608049	619825	118943	155728	196639	251438	1451314	817990	171520	46892	1658	11	2768694
LT166493RM	2204	2013	4990	15163	51012	57490	326487	169540	131508	95348	57691	109930	62225	64658	93868	96160	125691	245746	455939	4096571	2353728	5487216	4857838	593983	85188	99054	154594	197157	1028770	723724	140488	31852	1858	2	2250775
LT109321RL	1311	874	1240	2211	3931	11148	57417	22915	23975	14790	19278	16469	17101	22386	48452	66125	102728	222554	409741	4401503	2315427	5860297	5049726	733934	116371	181464	229645	270483	899680	703732	243200	39800	2144	13	1848556
LT104717LL	1905	1687	3821	8993	21138	40720	248241	107411	77039	36986	24547	35654	27504	32810	57096	72635	108904	242752	414954	3767925	2325443	6159454	4712853	915524	93991	127194	137618	151095	1052096	801829	68713	38850	1606	27	927923
LT185066RL	4835	3511	13177	97814	273676	168331	650405	364335	179778	108927	48862	72241	28978	39661	48536	59744	91061	198931	379889	3116115	2278343	5233846	4814501	925120	104783	119537	153591	162524	1280054	551714	78426	46514	1726	11	861430
LT291578RU	4121	3001	13693	67121	176241	144534	597473	430061	217771	143857	62157	103300	52366	55206	81175	86560	115166	223775	464918	2717692	3122358	6046064	4719033	757048	93563	119464	154579	206886	827416	483696	145470	36847	1279	11	1810918
LT075094LU	2856	2675	8412	33708	97183	72393	335853	171707	116351	59480	39667	98254	63579	66062	88811	101666	112405	215300	397304	2693998	2708206	5980546	4469347	782898	94395	98635	240210	300744	1710973	1277376	123395	51862	983	4	1981532
LT051568RU	4849	3858	12605	39349	67315	134650	486267	177619	93163	34104	26545	35654	36594	96254	96348	156860	243017	254989	417383	2843246	2447456	5174122	3611863	584751	128958	130890	142859	166089	404730	223226	160331	29705	1288	5	2406251
LT194990RU	2425	1922	8559	16862	36460	117412	437602	140301	76789	49589	57403	93854	98389	168020	155631	200032	207729	346808	497286	3651449	2415086	4940704	3533037	678478	116343	111930	168290	191232	422035	251941	116093	27330	1101	20	1161021
LT132314LI	4914	4282	14200	42037	98196	151104	486746	194559	123592	36280	27315	40482	44078	137970	111002	201557	199428	330801	390618	1871936	2077299	4798626	4406470	1102013	178475	197565	204809	235096	662481	409502	159862	45228	1462	2	2707034
LT030041RU	4482	3099	13522	31545	60013	147220	554721	182274	86777	43156	36250	51621	55591	119022	109990	154605	153466	280206	397659	2688407	2036629	4382843	4259907	580119	122046	148918	156356	234117	575750	380367	278418	31742	1260	4	4592301
LT125775RL	1213	1113	2204	5206	7005	26191	71549	24295	22360	11207	14453	14144	18814	31578	56701	78067	100471	230956	431915	3384325	2916822	6337520	4574272	781573	98402	116802	215275	254886	1156832	752370	143117	29607	853	0	880811
LT055745RU	5588	3077	10775	48323	69674	77023	173705	59569	36340	16784	16930	27311	31518	99617	92629	196807	338098	274816	407232	2642144	2573345	5809745	4912475	990506	180610	240111	167315	200446	357925	233801	187945	34645	1005	3	2173402
LT148286LL	2144	1390	2825	7546	11111	30118	121230	37236	23467	12036	14954	19219	27646	51197	68384	102162	126647	238949	463149	3891485	2406828	5634961	4101700	609338	94636	110972	168112	217513	602168	441793	175332	23896	948	2	2187079
LT219681RL	4218	3568	12581	58139	113148	101431	327169	209497	131136	86597	51737	86489	61220	115471	114786	158046	171467	290216	492310	2576798	3124406	6133430	4404889	691944	150990	135043	156453	200166	426581	219307	142681	40776	1506	3	2393082
LT009615LU	2631	2398	3212	5656	12444	45601	228025	123103	114089	56528	45689	82796	65456	72627	105874	113154	168629	285433	573243	3480830	2429674	5501603	5045722	559975	102477	148665	251274	387051	911486	749566	408067	32211	1411	4	2601707
LT132625RU	4292	2708	7450	22367	51475	95098	415985	286315	157568	103019	49956	76702	45806	77362	103120	136215	193263	289972	497030	2577264	2664128	5277964	3980472	582719	138727	159541	189243	240985	641638	435393	131801	38066	2008	2	4093014
LT106997RU	4723	4630	18117	54479	119305	216634	914516	608351	316819	241232	119620	185417	91454	137558	130981	165665	162538	260351	448526	2317040	1898285	4105875	3518495	503535	114013	122559	141875	204465	443115	251022	121532	30186	1365	15	1941996
LT265199LU	4989	2849	9076	32350	67227	78957	326801	212265	134947	77853	35400	55563	34850	81757	85733	134994	143529	272255	504331	2787694	2816336	5529408	4550467	601266	150799	220876	213938	391375	764277	426761	251705	48193	2090	24	2518469
LT282467LL	5833	4203	20162	91738	177392	82133	276662	180722	121090	72551	57744	105672	80198	180194	142308	210671	183315	278417	440010	2207129	2930422	5536492	4722562	999551	200111	196954	212602	277193	630271	347328	199660	52234	1339	6	3020965
LT152979LL	4769	2950	8454	31291	82172	80548	324594	179718	117110	57154	29571	45975	30023	62781	74014	121170	128073	203395	328887	1983289	2403010	5396855	5173460	970007	153285	185075	207212	306212	652371	514771	254698	53935	2170	0	4311373
LT010491LL	3159	3192	12466	40710	96329	174187	870265	545261	285515	237871	105555	171860	72604	87545	116930	141700	189516	370621	661471	2881200	2197681	4809057	4056775	697177	115414	149414	163853	196968	856857	467845	90763	33531	1757	53	1659102
LT235584LU	5483	5271	19095	71588	185201	209309	876634	633624	298211	216820	82107	123042	58387	81309	104951	151546	201116	383573	629711	2842749	2433791	4955228	4034206	772101	156377	155883	179943	210445	806002	444584	121778	47407	1933	23	1962342
LT023631RU	4316	3809	14060	81575	230242	100055	498807	293266	145428	62276	33124	53851	36163	57511	61015	84615	90295	162206	323565	2431983	2180542	4706200	3637989	572975	97802	89514	127488	187551	527098	322056	228644	30560	904	7	3349693
LT262496LU	2672	2814	7068	28372	86247	64998	411431	288180	208241	127877	56901	82322	45067	62966	95352	138016	196014	394065	652488	6173206	2651874	5932804	4670054	764738	125665	136474	156927	161410	388543	267479	83677	33267	983	6	1408043
LT126571RU	2899	3505	7410	26737	79510	105912	647252	387563	261520	174155	94701	167944	87025	152718	151105	201969	241089	376432	593778	3639655	3096652	6027516	4539671	868304	147338	137945	196562	204533	384764	288575	116626	33249	1370	29	2255297
LT056627RU	4053	3961	14350	78851	318287	172122	1100997	575061	395580	239093	121731	198641	94713	178066	154907	251619	243132	398619	535419	3767213	2701963	4945947	4979308	1035428	171597	154963	202348	256408	546209	398778	207354	48825	1082	3	4108488
LT100984RL	7673	7714	45749	291085	801945	228493	968856	529411	224755	129932	98394	163937	121831	241418	197083	393975	256168	391373	484140	1799704	2529211	5069234	5224013	1130602	292891	306090	327347	411656	810796	419649	286868	88400	1201	9	3171729
LT168219RL	6673	5088	18170	87502	254964	129664	741829	461029	278270	150777	68881	118118	63494	99547	118816	153583	219667	301945	423868	3872460	1954609	4376966	5141268	564280	132097	171693	159849	269295	565985	426736	468466	51794	2368	12	5424393
LT092669LU	2335	2395	8692	35014	160147	74808	602778	350098	290738	229207	121005	227353	90392	89610	114123	145788	178397	335677	591849	5893352	2737803	6066736	4562002	864970	107038	117518	158883	177280	635213	527708	146901	33882	947	20	1777998
LT010012LU	4686	3675	18795	77641	257462	207437	1338978	817460	554498	272775	125628	204578	74534	67511	79943	98547	125185	239696	451897	3496051	2710830	5471999	4410059	824935	115068	127808	188058	213832	552339	412830	182679	35498	1208	35	1885777
LT113077LL	4474	4570	22023	48191	130651	199222	913065	500343	400552	229022	105761	165212	68082	91315	103397	132065	162698	309678	579393	3863901	2861247	6365162	4341596	775115	121576	119662	143277	192797	447774	289742	141550	35623	1724	30	1956665
LT178307RU	4618	4466	9938	15860	40089	145028	624879	271262	226459	144517	91086	151257	99111	177875	161994	225260	229340	403502	662831	4047632	3011631	6531820	5626283	861820	171758	142186	162174	228414	437756	344247	231661	47952	1591	6	3238967
LT042988LU	11350	7217	24409	54139	111984	151276	674938	439760	317394	225798	100918	158106	88214	184925	157462	229244	311390	389421	636734	3696308	2498501	5124175	4807510	675833	223840	398089	203879	243198	463725	371430	234378	60401	7650	63	3574165
LT003990RU	4798	6745	20243	66283	175914	227702	1075600	697654	635890	307183	224875	326714	111475	163387	152359	209044	240475	397529	676548	3960461	2713111	6068529	4163402	846277	163538	129889	158160	195093	351753	214851	110497	38107	1545	71	1494969
LT242420LU	6748	6934	11067	30222	66322	98736	495298	294988	190429	138161	76247	150677	95746	153993	162247	200586	223889	367617	573856	3689601	2574668	5488925	5386290	724637	189447	208510	253679	414583	848185	577545	442197	62220	3008	63	4236161
LT137431RL	1932	1556	4658	8720	25563	31182	208357	86879	87475	58284	49277	95724	65641	81117	99447	130670	149517	326327	576634	6115691	2548481	7017220	5488718	650321	100440	137301	153579	237348	871489	716412	209314	47801	1609	22	1933378
LT231373LU	5129	4517	19690	37618	122731	55024	333313	168174	116229	63019	31088	74630	37213	42890	66912	77233	109110	230299	478472	5904424	2085949	5991090	5072057	583934	83037	124548	142198	213913	943825	931587	296794	42298	2652	14	3491448
LT046027RL	3827	4685	12074	35328	89348	161256	1077379	511910	301634	212122	87503	133904	64934	99754	114328	154674	196224	351190	624996	3857272	2508820	6031955	4874405	735797	131174	133580	150897	215790	427546	274260	216030	34918	1770	20	2802785
LT211728RU	6217	7477	26832	111455	229311	224615	1184659	651287	317042	264265	167258	300377	164258	248842	238347	286560	329179	529487	778396	3231831	2776727	5492143	4105872	798407	203626	199085	219527	271422	372382	228530	266206	51797	2683	66	2801832
LT157253RL	6641	7151	12064	29523	95393	36552	208209	117419	78386	38259	29596	52373	38756	61809	79870	105747	133647	249928	385537	3633586	1729998	4591735	5343601	491583	159937	210861	296975	420620	915246	658506	731626	66202	3689	34	6052344
LT024952RU	3473	2915	8528	24851	60217	70490	444593	244958	138728	103874	64598	102738	64992	105946	126103	156205	192971	354421	592228	4122793	2903715	6823821	5068894	809185	135227	153011	184981	242006	538668	347585	187857	36884	2539	19	2873649
LT058156LU	2965	2166	7079	24724	53957	49509	198393	146767	111866	72277	51111	85329	50238	88991	85457	123410	208570	282908	511123	3743952	5001120	7641989	4664979	840977	166203	176812	156226	215984	393730	230840	148511	33883	1564	23	1740245
LT145086RU	2605	2046	5659	18502	55447	112595	919094	413687	199276	160210	79426	147778	78918	98186	113630	125917	164797	313524	560094	4601362	1916796	5039365	4725228	447445	93589	158554	271128	428940	838290	515739	639560	31900	2492	45	2850822
LT294945LU	5275	5034	12501	48601	120611	92247	406722	228380	167549	109976	85304	194627	119221	222522	188391	258305	293204	480627	723045	4789989	2928251	5976427	4719508	961120	214067	205931	235235	275208	434709	239575	174802	73839	1507	7	2715302
LT046027RL_HiSeq	10506	12284	35492	77784	218297	447581	2913149	1368026	816074	592478	177521	266699	183617	260666	321536	420849	482319	926972	1546267	8805621	6416778	16636368	13212021	1938708	347978	358497	386667	561895	1089706	827308	628051	89203	3880	38	7938973
LT211728RU_HiSeq	15789	19579	72766	246966	557718	602451	3164817	1715949	865592	723640	371452	665216	428991	615202	616822	730836	791897	1323357	1819366	7103045	6394186	13030448	9335040	1860011	490423	462005	497535	624420	843825	551671	683877	119867	6995	59	7070771
LT157253RL_HiSeq	17872	18730	33868	69901	235566	96749	527637	297371	194880	98259	64945	114567	104390	156535	215325	283094	330134	650161	944442	9097465	4561494	12662217	13936822	1293801	417649	545242	764828	1100822	2287126	1858701	2252258	215047	9695	51	18139113
LT024952RU_HiSeq	9322	8079	24623	52343	154026	193916	1173086	656204	374405	289202	121995	202699	182511	268662	351834	421674	480161	904271	1378164	9294730	7325994	18390661	13323427	2114874	348168	381914	449145	598377	1278435	984791	527106	91488	4906	22	7752461
LT185066RL_HiSeq	10281	9350	28092	148907	522890	417097	2194677	1219825	719994	430036	118370	196596	87981	97873	138324	172120	238048	643138	1019023	10151697	5913099	15982742	12453099	2553177	288395	309112	334730	401843	2002250	1949300	186696	116439	4508	25	2905758
LT291578RU_HiSeq	9334	8180	30885	98048	320711	367537	1777353	1228560	758718	503400	103594	185408	150616	131824	216292	229538	270495	627824	1061176	6610718	7513962	17105564	11113058	1959487	247269	217300	333879	425275	944278	1399665	256580	62756	2647	20	6083652
LT201348LL	5216	1147	1748	4211	14074	24926	29916	50298	55644	54897	47570	43639	41734	47444	54487	81708	820401	3250263	233995	909099	609259	2554787	568824	395765	32722	50088	49813	44694	74252	60193	87330	26671	512	0	2728287
LT135390LL	3850	975	1652	2546	8139	15565	21153	35385	39119	43212	30651	25776	28855	49836	33792	37226	37233	87204	90549	887298	495552	1443488	446745	286569	22626	17255	26986	24068	23171	28865	17454	3490	861	1	342081
LT045346RU	5719	1319	2520	3099	9593	14338	13200	24490	36768	28893	24891	18254	21395	44435	26708	45997	65128	189283	101220	831085	638919	1917464	810778	300778	25806	27659	55643	32589	37852	35758	30937	3977	379	1	713787
LT163513RL	8155	1578	2453	30655	18421	40320	46720	68428	76240	75045	62333	60306	63163	72647	75994	120583	658916	2671871	254212	1283231	795495	2838992	833669	475827	36999	49548	72182	49408	76167	81569	110427	29106	727	0	3196354
LT109097LL	4763	1086	2175	2660	10826	17261	15456	26261	27546	25801	25552	19759	24625	42571	29418	37041	105726	368652	90846	689807	448172	1532577	446892	402855	18653	16743	26866	24281	26522	38844	33014	6277	327	0	763555
LT155982RU	8647	3655	4395	5791	13870	22005	28266	46870	56492	60911	45430	43681	47965	62575	60131	68152	100122	273189	116708	899974	674728	2195921	681405	488527	35487	30085	46205	38849	39068	55126	68477	6930	1446	0	987866
LT131432RU	5003	1032	2018	5497	12075	18365	23211	51328	59240	48033	40320	38909	41578	51819	53036	50916	62966	164402	99685	1031981	684275	2386784	748793	491101	26554	24715	42428	36598	44196	47752	23251	4988	326	0	482902
LT059975LU	5547	1324	1784	3719	12514	20004	16617	30693	45026	33909	32481	26933	29939	45271	40082	60031	182055	632697	137553	926071	695146	2668485	726490	347306	29012	30126	50167	33644	35400	43183	50890	8094	825	0	1288738
LT156171LL	6955	1186	2096	5562	20123	28223	17304	30207	40312	36692	32032	27152	31180	50496	39516	55294	174911	591676	104880	635172	550366	1567741	470480	429766	25452	21728	33321	27467	40214	37565	45879	18543	473	0	1626258
LT001600RL	3286	872	1522	2499	8301	16094	22856	38339	38381	37100	32503	30032	34058	39985	37711	36292	39840	80345	66662	730093	430978	1335236	449255	485466	28051	22119	31569	30987	29189	36327	24501	2799	576	0	315967
LT245084RU	6540	2096	2342	4295	9473	17739	20923	29087	41111	37561	35727	34819	42222	51877	45879	56808	129780	383979	120838	1055950	621794	1968420	654616	562290	38597	34829	40142	35266	38970	34898	31508	8519	503	0	1005950
LT275526RU	1576	336	718	1216	3950	7451	11071	24727	31773	33745	27030	24461	25434	34061	35745	32507	52343	140161	75039	711084	411270	1433849	374127	261719	16966	19358	27663	24125	31594	35708	22470	4761	470	2	379210
LT175399RU	2668	551	1020	1669	6357	11399	12268	18805	26970	26871	22739	20462	23413	31668	28798	39190	130271	472829	103667	814216	502160	1705967	456709	253775	18802	21253	31459	28920	33955	36964	42542	9636	578	0	663115
LT173946RL	1891	442	807	1504	5091	10512	19170	39077	45918	49693	39243	37729	34409	38380	43970	46278	163397	578957	114266	887000	552533	1900564	499653	277130	24232	24775	30537	29412	34075	35950	35425	6492	660	0	688632
LT156481LL	3402	535	1757	2728	8782	18641	26712	56307	66435	60704	47227	41012	45027	57639	52179	68983	70908	183579	129013	1260958	926283	2462756	893827	474149	29722	28417	49366	36168	38009	39153	25509	5577	674	0	544195
LT130350RU	6470	3538	4346	4141	6146	10319	11411	17846	30114	21790	22639	18327	24527	45409	30739	48570	36411	72225	84774	763027	609149	1669992	574177	388985	25434	18974	35311	26272	25648	28956	21662	5141	460	0	752010
LT038591LU	2243	401	1122	1085	4179	7066	7524	14277	21510	17963	16476	13055	13797	26043	16798	22213	40591	122075	50092	354630	277198	1088454	297118	191445	12219	12988	20617	20422	22534	19982	18251	2435	335	0	283408
LT093297LU	3928	978	1391	2073	7116	13883	16130	25140	33236	36105	35391	30683	30506	40968	45335	80330	559517	2235207	169231	779498	558648	2108031	542550	378573	27238	31028	39051	29055	40393	46451	90269	17211	706	0	2455250
LT105618RL	3839	675	1257	1867	8759	17756	19816	28249	36502	35924	32774	28833	31099	43155	37606	64849	417651	1598477	172236	567122	465654	1696314	510541	465835	23659	37566	40982	30199	40612	47191	63352	16917	303	1	2542089
LT025997RU	2340	566	1050	1734	7176	12054	7602	10360	18627	17293	14047	11438	16602	30217	26154	30721	46587	105409	41351	242720	227260	758890	217730	165352	11199	10745	23342	21254	22506	62268	43700	2926	95	0	406301
LT046539RL	2135	811	1082	2215	7610	15440	20685	32507	39201	45084	39144	38798	41112	43367	50287	49541	115358	486021	121515	777425	561916	1969045	495778	342631	24973	29196	36396	39480	44496	45998	28836	7782	775	0	447414
LT286056RU	3371	900	2194	3348	10367	16693	10319	18258	28453	21696	20359	17017	21094	34856	28090	45471	137286	506945	110631	901576	787472	2097875	751355	580097	24609	21666	35316	34316	35492	33098	27995	11662	213	0	585026
LT020426LU	3362	1036	2292	5277	7533	13638	14187	26671	37156	35886	27196	23921	26584	41096	36583	50668	80209	257970	144051	1504844	1032516	3241844	1059892	759950	34577	24119	44859	47974	45842	39812	27022	5974	511	0	382463
LT195011RL	2311	901	1265	2929	9306	14157	12738	18012	21163	21186	19100	18179	21904	29263	25838	28216	37087	101773	83030	923481	675129	1718958	485719	355130	17668	13393	25633	30224	30423	35258	21061	3302	366	0	193522
LT002501RL	4044	1323	2070	3678	16023	24354	19035	34376	45946	38793	32399	29943	34634	42849	42008	49348	72734	221901	119178	1222630	952660	2618685	815360	578800	30503	22330	38573	40417	42325	42699	30758	13817	557	0	298303
LT081077RU	4542	3234	3669	4278	8026	11627	10020	17098	22305	17783	19929	15191	16332	24962	19804	25929	46490	170604	63740	545362	486624	1716546	553361	486529	24255	18341	29067	31213	32297	29149	21246	6927	573	0	731167
LT000216LL	3615	1314	1808	3886	12661	22590	21451	32929	36247	37765	37503	38022	40904	46531	38512	44929	109312	355540	103836	667987	611853	2114056	538351	584943	29232	24209	31002	32193	38412	28184	26825	11797	457	0	398883
LT004173LL	2840	1028	1516	3117	9102	15345	20288	32347	37177	39518	29756	28898	32212	39161	36692	37829	41469	90281	105327	1144618	865045	1955378	598911	309747	32912	19629	26216	29095	31429	34624	19330	2732	623	0	212622
LT139649RU	2802	934	1519	3210	11127	16593	15490	28957	41309	38448	28932	29426	30266	46099	34592	48720	122498	435323	101876	707927	597771	1753047	638068	399980	22721	19959	32379	35177	40218	40598	37400	10348	584	0	657816
LT081282RM	4216	1347	1978	2610	7983	10980	9753	17096	25385	20641	18960	20264	24987	42617	29872	44589	90864	283843	103407	906026	656596	2049225	697054	488543	28935	20270	29584	30216	30069	26053	19912	5016	222	0	409575
LT084406RU	10582	4105	5313	8938	33373	47962	27526	42176	51941	47625	43577	44288	55080	60766	61609	90788	397572	1493484	196019	768818	679160	2341988	674929	611903	51543	59899	50282	44110	50205	46639	80367	38078	346	0	1102939
LT192758RU	3228	1006	2172	3692	10607	16571	18066	35002	39213	36444	29565	29010	32205	53790	34542	41046	58963	155323	71054	382586	428148	1310956	415330	439373	21398	17106	29535	35367	38380	33687	22566	6962	446	0	394992
LT287158LU	3681	1155	1417	4523	17531	34633	39143	53032	53465	56894	45176	44716	43176	42520	47331	57505	241428	1119111	113513	696623	550213	2136080	486406	286907	23754	25538	31693	35497	40701	39485	29929	13677	781	0	605815
LT241811LL	3479	1044	2235	4820	17853	27028	20185	32067	38596	30834	25672	21347	24977	35641	30452	42741	63537	222151	97209	991504	773138	2402656	781729	541550	25274	21205	33655	35166	34846	30941	22141	7889	346	0	339115
LT233620RU	2656	825	1605	2981	10624	17746	32415	23925	29133	20665	20626	18300	24178	34352	27205	36032	41856	110081	94326	1026661	784862	2244027	774281	509113	23193	18474	30895	30381	29498	28244	18742	3438	174	0	283629
LT140046RU	5358	3399	3931	6050	11699	18090	20360	39933	44971	41592	35600	32175	34850	41528	36283	45386	76689	253825	114397	1083589	803289	2431373	671325	486212	26015	22256	34387	36107	36258	31223	23347	10333	791	0	827872
LT236045LL	3729	1218	1675	6295	20001	32307	32373	44446	49661	49638	43142	40077	41020	45378	46228	65840	354273	1446770	137202	812508	745701	2554806	561966	323075	23388	28980	34894	36309	46884	46375	46250	21976	544	0	877590
LT056301LL	3503	1199	1639	4038	14122	24150	29728	46003	47001	44488	38683	35585	37820	41534	39352	44206	97992	356661	111923	778598	646240	2266569	580955	422103	23911	24006	30397	33018	40449	42324	28971	8995	737	0	441955
LT280560LU	3360	1018	1701	3771	13615	23821	26641	45508	51590	46942	39477	35992	38433	43206	42752	56363	201056	803779	124026	1056908	829314	2273523	684651	484806	24596	24910	32037	30082	35886	30575	29174	15525	560	0	530453
LT207073RU	2201	640	1327	3837	11549	19720	22984	37152	37150	38469	29265	27987	29824	38241	31095	30035	33617	94341	87133	925133	661282	1650139	505983	352333	18606	14424	20632	22730	27811	24309	13450	4478	400	0	180120
LT191020LI	6779	1562	3148	2684	6431	13677	20458	47910	69309	61950	47066	47290	48554	70987	69915	89956	291859	1132760	198165	1578875	1109047	4679172	1640969	727733	49234	54087	77129	69997	89748	89426	105707	12324	662	0	1766050
LT030662LL	4916	953	2291	2507	8059	20734	30957	62792	81757	91058	69014	71445	75381	74098	101957	103420	335323	1171059	208743	2372742	1265429	4010992	1219361	772567	46995	55566	74931	70560	81548	74662	56455	15028	997	0	1659622
LT009099RL	7475	1415	4690	30824	8782	22262	28945	43561	73370	80689	50502	44800	53258	81676	84456	164810	825316	3434155	369485	2017512	1193005	4663199	1303802	1066090	50876	86388	100536	60606	93554	158263	430766	39588	794	0	4338455
LT075917RU	161	117	147	154	151	211	611	579	609	336	366	468	555	674	549	2844	8660	7126	782	2599	1746	4930	1527	1263	645	557	639	824	3383	501	427	120	5	0	9298
LT147610LL	2648	500	1126	832	2683	7525	11558	20389	26172	30043	25233	25799	28733	37264	36722	40343	151895	580778	102468	852813	531604	2388751	602411	546274	24608	23352	30895	29699	47541	27015	25895	5775	667	0	586513
LT195484RU	2196	2203	2176	2061	1937	2087	2053	2322	2286	1982	2108	2028	2062	1918	1959	2007	1948	2274	2080	3214	2766	4742	2685	2479	1796	1831	1683	1136	2159	2834	3300	2346	298	0	407477
LT089723LL	7468	2224	2877	2625	7061	13034	16401	33069	55277	52651	38392	39619	46530	66813	66983	85628	153591	491535	186026	1868072	1123945	4058962	1291520	732588	54419	48758	62220	58787	58056	53942	53049	7308	1048	0	997426
LT082461RL	3666	663	1743	1146	5060	11606	9983	18470	24716	27216	23643	22206	27244	45344	37228	50845	206175	765063	102246	720734	567575	1885201	586116	600092	25186	22891	35388	30599	49716	37174	45016	9835	463	0	1205629
LT151920RL	4528	740	2389	1344	3796	8921	13103	25803	58489	37576	30166	28133	31960	50604	41135	68179	168778	583693	163016	1663561	1055133	3641891	1236146	595175	35164	35928	57842	39509	46885	42513	52246	7691	1024	0	1049621
LT203431RL	7081	1086	2270	1754	5915	14899	14902	20852	35595	44591	26547	22040	30228	50665	55765	103521	598383	2688584	270334	486564	431776	1741184	499699	422009	26814	42371	83739	57886	85503	110856	118546	23650	369	0	5529372
LT115840LL	4294	1524	1579	1939	5832	9740	11980	23973	33056	32956	28352	31831	33459	40815	40502	52948	112682	395741	89132	726492	403389	1302199	438305	244481	25653	26270	27207	21723	25780	30513	33220	6882	234	0	743529
LT005256RL	1253	244	492	758	3396	9023	13314	20508	24396	27844	24583	26231	27065	31125	32962	45132	388902	1525831	117123	349480	224637	930435	203953	173565	13338	24291	22976	19823	34809	30130	35647	9895	453	0	1600083
LT279828RU	2242	642	807	3188	9091	13976	18715	16965	20985	22871	18374	18937	19722	26814	27688	35636	195711	729201	87499	614247	366844	1402337	244535	133483	12621	13797	19973	19081	21366	25943	24275	4567	385	0	792091
LT162479RU	1870	507	1122	1256	3791	7768	9076	17215	25509	26618	24048	23213	26307	33652	32680	44646	105022	370759	117583	1126381	552867	1885171	483374	256188	16564	17094	26524	22575	25029	25331	24958	5139	523	0	619064
LT244399LU	2561	674	1454	1694	6144	10569	9644	17280	20242	19607	15435	15089	20174	29719	23532	28653	26038	47637	52801	605709	371708	1158284	391701	401938	19806	12748	20053	18378	18839	19326	11876	2158	209	0	231997
LT051993RU	4141	2832	3335	3388	4882	7774	7820	12949	21991	20154	17017	15047	16648	25376	21616	29346	34271	74531	60655	584135	337125	1194665	363155	197081	15556	14263	24794	20963	23627	26029	19101	4605	661	1	735613
LT191675RL	1639	646	593	831	3623	7382	8150	12135	13958	14899	15296	15327	17211	19155	17984	24810	132066	498161	56494	386142	231824	975981	207006	248040	14041	14484	13574	12790	16972	15103	20809	5595	267	0	458929
LT266817LL	746	150	392	408	1689	3590	4416	7739	10683	12280	11375	11538	10769	12607	14330	19273	90203	332716	51060	395744	240390	919497	192032	162799	8217	7370	10576	10104	16452	12004	10159	2511	282	0	362571
LT198741LU	1373	273	740	963	2764	5964	9105	21626	26163	25143	19959	21419	21476	25752	24956	24389	23147	49189	54180	626568	331428	1006165	374542	195726	11490	9543	16287	15331	18342	16728	7909	1482	190	0	164392
LT115251RU	4535	902	1755	1479	6703	15432	15854	24570	35886	38680	27578	31670	32120	38550	40514	81283	677559	2728564	179152	607261	344197	1222380	310734	232008	22945	25775	32547	26881	33373	40937	74903	20654	649	0	2605097
LT245983LU	7925	1322	3169	2272	4776	10504	10369	22776	60316	41049	30411	27381	37264	51058	53065	79400	237632	1173478	184937	1368856	1418899	4347866	1489894	1179067	51514	44221	74262	73163	80719	56803	52265	34233	283	1	1240517
LT269763RL	8437	1929	1893	2750	5656	8986	12881	34501	50004	54118	37167	36233	41178	49977	59437	65792	117378	336451	310973	3612675	2297326	5667000	1218047	574113	45702	43597	62515	68169	78517	73219	37817	6573	872	1	665571
LT263636RU	8962	2354	2319	2451	6154	8773	9323	20617	43159	34763	25850	23446	31313	48373	47977	89923	558046	2527209	211548	901104	916988	3027646	876084	592338	48044	54645	68785	61462	75561	62383	71218	26061	516	0	1930222
LT238531RU	6119	1955	3299	2076	5436	11965	13761	32578	52640	49836	41322	42878	48574	61496	77617	92332	267723	879294	203443	1213677	1215619	5566144	1369603	969822	56433	47248	75008	75118	78453	82748	57011	11775	933	0	1122212
LT155318RL	4797	781	1397	1421	3489	8959	15827	24355	33304	38360	33467	34039	40069	48956	60983	94492	703198	3748302	297379	1394898	1136335	4285910	854151	560923	33961	38626	57422	60012	79092	79365	73117	31170	842	0	2029618
LT058319LU	2484	2465	2348	2363	2050	2385	2484	3032	3262	2905	2673	2815	2749	2960	3121	3511	6164	23051	6461	46774	32678	101673	30447	19430	2811	2676	3154	2390	3797	4203	4349	2835	361	0	463255
LT143944LL	430	111	146	134	316	621	1005	2364	3305	3936	2588	2584	2847	4074	4549	5268	12358	36194	16531	143689	101324	309821	76767	53568	3306	3480	5176	5410	6171	5871	4677	855	92	0	85023
LT185970RL	1720	293	593	286	621	1129	1288	3633	6546	5686	3741	3092	4372	6797	7015	10256	17198	43398	24659	223915	198322	798884	212853	166192	8652	6572	12243	11936	15247	11826	6766	1193	81	0	112256
LT126767LL	5386	618	1454	935	2006	4235	5262	10855	21026	17852	14453	8863	11955	23996	16416	22680	79710	533277	76279	349135	466845	1908868	908202	541351	27062	37501	36207	35513	42014	23284	17658	4058	127	0	728684
LT013011LU	6240	1042	1802	1411	3376	7713	10947	26813	45526	45776	33065	31386	35256	44524	47043	57939	106868	325011	156676	1577825	1164586	3675567	1274320	806425	41421	30060	52340	50623	67279	53324	28798	9113	568	0	685119
LT113005RU	5094	1177	2397	3440	12761	23631	20713	33509	40522	39398	35288	32056	39561	61848	49212	66167	357700	1517688	167622	928736	823438	2818483	687693	521991	27057	28779	42519	41849	46813	39016	37027	17751	477	1	1409952
LT181845RU	5422	2034	3062	5939	14972	23925	26211	63310	75564	65270	57491	51619	53100	103862	68997	68576	121270	385571	124386	620806	565769	1425768	522330	391118	33487	34388	43047	39240	46459	42766	22908	8671	439	0	975097
LT166240RM	4604	1098	1829	4500	16458	29743	29773	48233	54474	56598	42908	42390	49560	51509	59141	76996	307537	1494647	232774	2636082	1421246	6374288	1279828	940358	36536	30926	51133	46640	56693	41545	43441	13588	445	0	861845
LT099879RL	6382	1577	2599	4486	15825	26714	21881	31159	30995	28702	31381	24469	34534	54313	41846	61824	291455	1455279	147579	949867	842723	2630422	670151	517456	26588	35135	37350	38808	49323	40371	36054	20046	224	0	1123110
LT017495RL	6893	1418	2627	4223	14403	27523	27042	47652	71327	55254	51678	47871	56199	71482	67032	84484	287206	1269432	191459	1331402	1282265	3511872	1247023	927217	43357	40392	52559	48660	56536	48462	51724	24201	556	0	792081
LT231101RL	9326	4078	5200	7344	19449	34747	29831	41546	51160	47852	42335	37442	45618	78950	52229	92391	549538	2481700	256175	799754	725980	2336639	827422	803386	35886	71909	49127	40297	60785	44902	64879	38282	473	1	3514791
LT178929RL	2880	717	1378	3898	11231	23738	35705	57332	57542	69052	44437	45539	48184	46466	53185	50138	51254	100548	111760	1275756	708164	2235367	588425	474858	22099	18418	29331	29739	34219	27054	12135	2868	595	0	178726
LT038075LL	5046	1132	2295	2919	7608	13340	15480	31529	43531	41433	30129	24370	27317	50630	34441	45979	58241	118466	87704	676491	597011	2254594	829872	430394	29671	22443	44785	37819	38450	47767	26228	3155	587	0	461799
LT080750LL	4974	1076	1767	3190	8975	16997	23537	46302	53483	60461	49551	46230	46972	53573	55231	57944	117091	600889	107911	525178	541504	2030147	636258	441644	30129	43881	44540	46044	51152	43962	25833	6602	984	0	621491
LT221510LU	9068	2881	3211	5689	16174	21888	19520	40823	76292	45169	38716	36385	40706	65112	46944	64548	134465	490689	130841	605361	928048	2664430	1414597	457719	52762	54127	56671	45748	48651	50231	39040	10733	422	1	653977
LT002410RM	3201	1201	2619	9437	25837	37078	24660	32535	37161	34695	38679	32875	43554	48084	35946	47564	108657	373779	97582	811369	624684	1922528	603940	703395	26588	21282	30640	32112	34259	26873	29109	9959	236	0	805152
LT175949LL	2127	812	1308	5747	18043	26575	27679	52717	57151	49216	38859	34149	31924	37445	37928	37316	32925	74601	74485	821394	560649	1519219	533883	358773	18162	17968	28740	26029	31509	38492	15673	2198	200	0	186329
LT190870RU	2729	967	1785	7800	28314	43837	33571	53919	55109	49162	39178	34194	33123	43278	34923	39591	58742	162961	87395	778482	577942	1672658	549314	389425	18062	14537	22636	22514	23945	23816	18247	5937	339	0	287317
LT150340LU	2580	1027	2362	15836	38538	55595	47232	41603	43574	42195	37681	33088	31798	40250	31548	36330	90961	269908	78524	583009	465424	1547612	530925	640823	24627	18237	27864	32834	33486	25639	26448	13199	386	0	451693
LT121928RL	2765	1011	1494	4810	11756	20347	26012	42410	45556	46684	36557	34162	37028	48412	35838	33994	29189	47991	75154	663608	470510	1152709	347875	280193	16119	14383	23786	27106	28837	39411	20821	1921	438	0	157691
LT060406RL	5111	3558	4239	7447	24218	40760	31211	46961	49631	45751	42390	37095	36500	43778	40832	48433	182021	696633	93335	511295	383471	1103652	305819	300087	16728	18958	26204	22860	29456	35525	34136	11572	792	0	1281899
LT077264RU	3855	1624	1651	8745	29994	53910	66016	94546	91589	94647	71180	68510	59747	58004	61492	63437	319126	1121108	130335	845100	577750	2021327	465107	332573	25746	32450	33717	36435	44858	40648	32325	13879	684	1	836949
LT136415RU	2373	1011	1627	5488	18711	29585	26244	45183	59305	45122	39414	33776	30881	39851	32345	42222	93682	296780	90414	533655	551261	1836430	644474	362859	20141	23181	27891	25436	30865	30531	23130	7256	521	1	469141
LT026534RL	2654	979	1579	7170	19709	33859	38212	59313	61739	63990	56172	53611	51844	50855	51770	53528	129815	415953	102027	981681	571887	1771634	528910	487700	25148	25813	31178	31369	39524	35755	32714	11306	618	1	709987
LT282562RM	3855	1458	2080	5504	9374	12804	11594	19285	27344	20833	22118	15568	16818	37629	23915	39031	67529	200733	83882	754048	567622	2016955	614763	485461	24817	18275	26052	23684	24071	30165	21432	3530	269	0	342143
LT286300LU	4238	1394	2056	4104	12843	20003	23030	47700	40054	34915	31219	24122	26141	36636	27874	36385	39084	96939	94254	1049323	673128	2098812	622638	384437	19184	13183	23345	22184	21812	19754	13030	2693	402	0	221349
LT284144LU	6150	2331	2998	5490	16052	21788	22071	36090	64683	39489	32135	26854	27823	47822	30439	41556	36983	64293	74943	451940	510436	1571210	534016	412416	28938	25089	35954	29834	29533	24661	18151	3311	456	0	284414
LT055841LL	5198	2006	2320	6224	23364	40876	39793	55444	55452	59294	47072	42537	45690	61446	49867	55300	105362	306475	114974	885844	658943	2228318	522267	327151	21699	24892	31320	32945	36439	62339	40539	7398	689	0	574280
LT053283RU	4274	1526	1972	7728	24181	34097	30670	46282	52171	43266	33242	27065	26581	33868	29073	34037	56938	171550	88602	913818	654083	2048385	630659	387102	18349	16807	24383	23216	25169	21689	17418	7362	328	0	282641
LT142159RU	3261	1309	1791	9378	22823	29358	23745	42441	39754	33635	30924	27047	25526	29795	29685	30325	76687	322956	68107	664380	482333	1630094	482509	373854	14863	13072	21703	23677	27116	29422	15346	7497	129	0	380905
LT154455RU	6732	4376	4582	7724	18664	27359	27918	45755	51951	47335	42739	37722	36743	43444	37638	44578	177119	668324	120645	683328	538010	1707357	489535	320672	20141	24825	29592	29029	37777	31566	30869	18138	891	1	1236251
LT167891LU	7131	2153	3292	5117	19439	31648	29270	34295	39813	43565	37634	34991	40618	58325	46561	63108	274986	1008121	136418	573751	452753	1325856	416548	365616	19687	53941	39394	35344	51596	62149	180158	18110	338	0	1184180
LT043343LU	4077	1680	2170	6910	20362	31485	34307	49307	48236	47153	42786	36639	37940	41050	38927	45798	119998	471093	85655	728154	573153	2099889	529781	494032	20050	17251	26922	27429	30447	28040	20077	8317	318	1	563092
LT048637LL	3907	1801	1868	4585	15376	23389	23731	30530	33645	36322	32121	28975	31507	40676	36349	39332	102994	325053	103127	853693	551036	1522332	368026	196683	16038	21285	22964	25270	24807	57875	39944	6038	451	0	493679
LT166565RU	4106	1227	1865	5452	15011	21574	16856	24929	54899	27617	24253	17275	19279	35860	23036	36465	67034	180651	79438	589188	630791	1907827	722560	266748	19387	25931	31606	25273	25849	28822	24385	3089	263	1	439952
LT127070RL	6535	790	1622	3421	8814	15331	15528	31654	39519	37300	33966	31041	35936	47691	38537	40890	46414	113324	109877	1005378	833472	2132359	760504	792780	36292	21934	39382	36778	33818	39303	20329	3494	229	1	426391
LT184347RU	3107	332	859	1336	5083	9723	8114	14314	19772	16862	17232	14156	15293	21147	18803	32404	205017	868721	100640	483483	513919	1372038	403451	272994	13107	17714	19425	15225	19443	15043	18817	10460	144	0	546651
LT253677RL	9469	1316	2121	4285	14526	29950	39419	71303	81706	87142	63913	61604	65916	73801	79291	74469	127382	442947	140273	879560	795320	2427505	720130	549438	38458	40809	53311	54941	58268	75032	43566	10641	817	1	771716
LT036383LL	6650	739	1813	4496	13662	32287	45591	81498	86461	90654	75322	72545	70340	70261	71894	68445	176688	773336	143992	874767	830130	2353501	747547	538450	32053	36007	46676	45755	57174	56047	31133	11714	597	1	800614
LT295133LL	7869	740	1917	2532	11074	22527	21226	37211	44512	48210	44835	39405	42992	55416	50731	57393	208094	935747	153468	853549	679045	1948497	566193	378573	25153	28877	43653	44416	50219	62279	42468	14139	720	1	1077771
LT106561LL	13255	3664	4923	7171	15829	30533	48061	86567	95778	101923	74103	67194	71564	82795	80733	69521	67108	113904	153555	1236455	1072182	2889638	854124	630506	40415	38419	57169	60527	63186	63691	30955	6610	1302	1	1018203
LT256221LL	7819	679	1731	2381	7748	14865	14495	29859	35575	36545	27672	24248	30905	41843	34201	39530	40750	85840	102899	1044608	778163	2066888	652869	591877	27817	20793	38461	37963	36210	39614	18551	2478	300	0	458641
LT172093RL	3395	357	862	1328	3992	6316	6335	12619	16152	13367	12178	11212	13275	22784	14860	19751	36694	134926	61121	440608	420416	1122129	384909	298187	13323	10191	15320	14982	16615	15188	10287	2902	93	0	243097
LT180102RL	6741	638	1712	2774	6787	12226	15204	32791	45412	43083	35909	30890	32846	43779	40232	44187	74537	241170	133009	1096265	957207	2670564	855870	583287	28796	25247	39102	37512	36754	35071	21163	5913	334	0	498904
LT196199RU	6912	1073	1975	3393	12905	23753	26443	43003	89895	51758	45002	42735	48727	64601	56715	79657	159082	495065	173220	1218273	1210590	2601252	863374	553585	31337	30813	46818	37128	34929	42042	36393	11247	576	1	544270
LT000379LU	12825	1126	2065	3409	12523	24109	25633	43655	55407	59208	52082	46385	49077	74691	55271	59049	105126	392878	158708	1076951	1014079	3442597	951070	883266	41345	36452	52064	51772	56194	50381	34495	10183	532	0	894034
LT058691LU	3894	371	940	1742	5282	9729	11733	17221	33481	21730	18738	15988	18146	35380	19471	32266	78615	311426	75983	352430	587464	1224759	452010	210891	15774	24113	30531	17945	18748	15768	13201	4475	228	0	419789
LT130546RU	21628	1328	2831	5061	15890	23554	26874	68147	84417	93148	60254	42407	44092	68940	47793	60248	119562	703163	224494	480796	538829	2241404	958152	540457	39200	37322	67677	57379	54902	62761	42153	10460	672	0	2413960
LT206871LU	4213	614	826	2917	10132	18011	20182	36379	38404	37270	30389	31026	28587	30768	29720	32314	137409	537005	109493	831686	576029	1702318	508574	267316	15670	18253	20552	20703	26316	22077	17387	7839	149	0	543373
LT096430LU	1932	344	389	1081	4020	7302	7371	11326	13088	12812	10460	9787	10501	11760	10966	15918	79763	302604	40304	199266	177245	535545	167105	121300	7079	6897	9464	7780	9686	9067	8557	4603	108	0	341243
LT144462RU	10740	3318	5093	8577	23345	39367	49143	85652	93489	97249	68440	65348	66593	65145	67166	69644	106573	362385	147824	1248688	1035056	2978871	999337	665515	35144	28845	51721	50413	51911	46557	29487	14307	929	0	1117543
LT047152LL	19550	1670	3352	8508	31657	51279	49758	84379	100584	111631	80774	67018	78471	111732	96818	104772	101349	155067	216039	1604711	1593659	4208306	1314602	819869	56172	43538	91923	89533	88453	150684	91178	5697	1045	0	1331137
LT109231RU	8252	696	1529	3612	9816	18572	21053	41024	52569	54267	41788	37332	37612	49420	46524	56465	143756	512691	137490	938141	845253	2624404	807773	686532	31778	27634	42985	38323	38790	42359	24980	9102	468	1	863248
LT173597LL	18026	4484	3819	6355	20936	33998	38786	59921	70887	67309	60895	65096	77528	85210	82850	96430	283069	1238718	191059	899033	745459	2118309	742725	664578	71662	68718	59838	51889	66256	45781	35263	21514	466	0	1267963
LT285906LL	2547	264	611	2006	6355	12322	17736	31121	32526	29019	22992	22749	20308	21456	22314	20648	23175	65062	49942	463492	352570	1126998	335935	201349	10549	8863	15813	14047	16554	18173	6465	1293	164	0	153198
LT075462RU	2999	520	1474	2002	9412	19591	16996	33362	40556	34544	28603	25961	29328	38119	40650	48661	78583	452015	105566	1371438	958151	2834323	752602	610407	24051	21491	32316	28417	30838	29342	21009	10968	228	0	404563
LT016556LU	2735	413	1007	2206	10204	20426	23669	37610	38796	40966	34480	33157	37770	41966	39556	43768	154052	988852	95662	820290	625643	2185656	517626	436814	20368	18715	28238	32403	41137	35941	26366	21207	210	0	668236
LT171097RL	2736	365	1211	1516	5450	11914	17939	37499	38499	35901	26499	24168	28631	34472	35569	40325	39968	151024	92120	1198096	775412	2236168	732805	450314	20255	14971	26672	25965	25934	28119	15573	4673	261	0	234605
LT297451LU	2011	339	758	1497	7160	15370	22223	40974	42389	52476	36010	33954	33697	37966	40888	43840	80097	529316	88129	871633	665711	2170894	574643	390091	20138	19435	26201	26841	28545	27131	21163	9219	545	0	323936
LT120371LL	4634	874	1744	2620	9432	17014	18758	41923	43312	40462	31469	29521	35737	52006	43101	48597	44077	100552	97303	1186119	873605	2674089	754698	762061	34129	22401	39045	45570	46313	50320	26429	3941	427	0	333432
LT076421LL	4814	3105	3370	4622	13302	26902	32391	51039	50481	48763	44686	44321	44467	43396	46746	48227	160293	1175413	95488	791438	616308	1895225	512484	390131	22655	25538	30267	28459	33451	30893	22350	18802	646	0	990311
LT285671LU	2702	413	934	1990	7304	16094	25160	47097	45634	52515	39319	37385	39102	42483	46212	46871	74124	449532	92085	950107	774443	2579632	629695	472806	22232	20939	28691	30785	34226	32342	26935	8533	341	0	336376
LT076617LL	2449	562	924	1397	5879	12379	14712	26447	28620	29250	25521	24715	27324	32986	30432	39974	126167	778825	103310	857013	593740	2046262	489757	310395	16391	17608	20181	18813	21929	21396	19854	13421	260	0	626571
LT236519LL	3844	987	1436	1725	9032	19638	20898	28529	31928	29270	28545	28681	32578	41918	37866	50635	251666	1866403	175415	548758	498157	1576960	406101	356642	23542	40685	36500	30419	51434	36551	38809	38898	262	0	1694208
LT012861RU	3402	439	876	1921	8532	15540	17660	31945	34232	31014	26362	24977	29912	38122	35779	39788	43596	191366	81092	947233	798747	2581636	623831	464136	21995	16732	32639	37078	33376	35961	18562	3796	177	0	254644
LT196309RL	1867	252	661	921	3428	10308	17929	39161	43284	49445	41486	46207	45450	44648	53146	45976	98349	655805	101134	964494	671978	2642517	554718	530417	22753	23662	28796	33368	41000	38114	17045	10568	298	0	326244
LT006946RM	2414	436	1369	1280	2500	5941	7082	18865	27356	22195	20294	19598	22929	34803	30056	36465	56410	206900	83287	995791	635951	2057547	620471	438546	19852	15962	25434	26423	26779	30567	16900	3926	243	0	361127
LT007392RU	4173	475	2409	901	3979	8738	6327	19716	32460	23139	18588	15442	21117	31136	24842	33303	89769	406194	113494	1280083	901573	2844647	700023	411380	21480	19372	33430	40334	36783	30312	26375	23911	325	0	422237
LT005419RU	2245	284	1042	991	3554	8440	11210	20819	25991	27865	24327	23553	28414	32242	32218	40501	169282	1226232	105970	836708	658866	2122533	564056	504000	21669	20539	27281	27943	42776	26356	23733	23270	224	0	829889
LT206010LU	3711	706	1399	1112	2763	4491	3636	12721	19781	12350	11568	9131	12682	24475	20256	30543	39766	185491	72770	860382	784626	2576158	788196	549548	26432	22075	32340	32346	30662	29374	21120	5947	136	0	315180
LT078347LL	4896	2861	3092	3011	4462	7617	9556	13867	17515	16731	18142	16491	18120	22353	23586	35831	177644	1371781	102998	664736	518856	1995971	480731	355792	19528	22941	25233	23092	32482	26270	25754	20802	552	0	972968
LT213352LU	3113	614	1348	1187	2763	5207	7205	20671	29042	22814	20632	21195	24678	34551	34211	41578	68187	337590	86847	992531	794849	2627073	692935	538138	23411	20348	28351	29705	32941	28838	18833	9680	189	0	420315
LT277811RL	3572	1005	1076	11829	3207	6619	12717	25521	32262	39318	33943	38259	42349	43485	53771	58335	221440	1917595	117932	504533	409311	1638843	367593	440676	30312	40403	34728	34415	48199	37964	25385	22432	566	0	752386
LT071706RL	5105	871	1898	1266	5525	11575	15191	39189	45163	41881	33120	32571	42647	60712	55065	49557	48990	84292	122571	1557617	1042981	2674291	728694	639424	33562	30158	45855	61592	60846	100799	63244	3529	547	2	409260
LT141224LL	4064	383	1753	593	1380	3251	3188	12705	18426	12280	11662	10351	17011	29424	23777	33424	24402	49192	78550	1092508	813615	2320129	670192	598689	23256	13625	26256	29647	32321	26186	14936	2183	182	0	208132
LT248906LL	3722	1677	2410	6755	17229	31189	49842	86218	79649	97878	67701	55025	51923	69052	51456	53147	73442	206607	146421	1241308	805571	2033834	517232	353132	28360	24481	33739	38441	35961	46072	30456	7354	1430	1	429546
LT197511LU	5858	2562	3616	9560	22457	33196	43712	85469	88732	84506	75017	64957	64636	80619	70324	82815	168864	532536	145947	935503	840658	2326742	621037	470711	38617	40270	46538	45882	43879	38006	32480	18115	680	0	744283
LT242161RL	3961	1739	2670	9019	23923	45284	72578	129092	114894	120495	82439	71054	63648	69811	64631	65180	126141	423577	158070	1147119	824918	2446977	650515	547001	32914	32129	36581	39697	39563	39538	29357	12639	879	0	721997
LT106519RL	6633	2721	4297	20668	24431	39305	60334	107717	96154	91492	71475	60774	58521	83920	63813	77681	151118	505749	200642	1382413	1107188	2662003	897109	611935	35135	51831	43841	42942	50246	41193	50143	13961	663	1	593301
LT0249481LU	1694	610	903	2996	6830	10634	16305	30711	28908	26880	22044	17906	16859	23750	17879	20102	30501	92168	48835	441594	314481	794235	240938	193888	10425	9510	13785	14539	14165	12379	8198	2836	163	0	217646
LT150981RU	5436	3459	3785	7121	18251	25998	24320	37964	35915	31097	30223	24368	22043	31384	27788	52769	414618	1753931	145349	650120	468418	1408268	341471	232921	15088	21268	27560	21401	33615	32791	44046	27192	471	0	2325653
LT180758RM	4678	1993	2804	12818	31458	41727	42487	61361	57761	66858	58040	45960	48532	68475	48794	52843	119064	434380	149048	1162595	821953	2618915	527182	345804	23843	22079	35362	42154	43427	54847	40589	11112	650	0	612129
LT076181LI	7831	3110	5057	13793	35412	53253	47306	73993	67704	65050	71042	61637	65174	90096	52931	63868	78332	187757	133841	1005097	1039061	3131823	876833	898760	38740	28001	39392	49593	46002	29322	24373	9122	323	0	476244
LT062121LL	3051	1377	1815	4711	15681	29207	31057	43268	38193	39926	41302	34694	34411	43257	33635	41926	245458	1074978	161738	690173	539016	1699302	396342	382100	20213	32378	24911	27371	40729	29163	44348	27838	418	0	1211312
LT037710RU	2713	1067	1803	6140	15776	25961	35197	57666	53340	58111	42638	35959	34020	40516	31789	39931	60028	182276	92609	614570	530566	1552403	410141	299832	19825	17263	23539	25182	27822	19620	16953	8121	802	0	322407
LT246994RU	3514	903	2364	4119	11085	20257	25736	44325	44481	40912	42953	34298	36962	49442	41551	62960	253923	1101303	167420	834525	658645	1774214	508347	380505	21601	30339	37194	29729	51572	38595	53610	38096	321	0	1446642
LT165114RU	9177	2575	6757	10174	35505	53031	49743	102844	90585	78541	75287	56661	63241	108456	60741	70240	78593	180535	133061	927130	857261	2643982	830091	949947	45800	36647	42903	48889	52755	41905	29020	7821	914	0	730873
LT288719RL	7203	2217	3492	5928	17076	27396	32682	64171	63410	62283	56866	49662	57425	74166	56954	67557	93773	271898	176088	1750951	1086827	2676401	786383	624954	45652	39818	44947	46639	49007	37746	31021	14056	1004	0	746665
LT280646RU	1660	516	1389	2110	5381	7422	11241	27226	24924	21701	15665	12689	12696	17689	13098	16430	14590	31093	35860	353687	241108	745541	198366	218032	10655	7222	9483	10182	10806	11156	6168	1258	209	0	79754
LT012933RL	4826	1361	3023	8340	23352	51708	92462	161965	143396	146216	115733	102821	105876	97178	89647	90304	140992	419035	156158	1174191	874114	2446375	682139	768984	46044	41277	50419	57041	54108	47317	35590	21947	1633	0	930990
LT176510LU	3829	2792	3076	4091	8416	13637	16685	24292	22842	22682	19310	17095	16498	19256	17373	28303	233964	1172522	85912	157796	129535	391565	96859	85294	9237	13024	17252	13283	21029	19372	21841	17235	662	0	1659173
LT032411RU	2845	794	1780	3832	12748	24008	28785	49489	49879	47800	46870	38237	37445	41862	39007	58787	349549	1292022	124855	757633	680785	2258416	472955	337403	17407	20979	24918	24722	30740	24507	37902	26067	620	0	962563
LT087826LL	7550	2143	3928	10272	22301	36796	66550	154736	138811	140331	121489	96169	89120	85481	82968	88698	146204	582885	226379	874418	731167	3005887	824810	501478	45259	62394	64469	63713	65871	78782	47934	12246	1858	0	1325880
LT118064RL	3148	843	1726	2831	7982	12993	15585	29948	34204	32870	29715	23608	25567	39627	28667	46740	198589	792605	139185	594583	526737	1488109	452379	347277	19005	44793	28881	26601	44330	26120	34872	26931	177	0	1405449
LT125521LL	3742	953	2168	3662	11010	20518	26946	47110	40934	44145	41168	34060	36441	49632	40131	44378	63743	192379	117019	870525	672784	1797979	499119	495520	23754	31196	27021	29288	33994	46303	92801	7571	686	1	389865
LT062141RL	586	158	230	278	778	1365	1928	4326	7804	6317	5875	5310	5568	8170	7083	12181	33637	117845	24675	239744	181408	644543	182212	112209	6426	7267	8373	8162	9997	6830	6425	1994	179	0	97123
LT030151RU	488	119	256	290	813	1841	1793	3517	5379	4085	5087	4975	6058	8295	7941	13963	43488	165509	24256	225524	167371	663856	164046	126265	5111	4480	7245	7192	8558	6591	7537	2231	46	0	104764
LT119682RL	533	136	305	312	815	1775	2500	5779	9434	8447	7384	7074	8042	10872	9315	13888	16288	43294	33372	347627	232781	696094	200482	144489	7545	6472	9850	9653	8553	8066	5577	1323	128	0	68319
LT273284LL	380	107	175	200	797	2158	2344	3238	4217	4817	4654	4652	5057	6078	6889	11349	116113	491988	27533	151452	123973	513626	106295	90269	4818	7520	6986	6277	8135	6904	9403	3649	141	0	316337
LT233821RL	751	226	450	276	1040	2122	2513	7190	5942	5678	4699	4238	5352	8466	7109	9289	13423	37225	22459	248612	176820	599093	144005	169780	6129	4613	6978	7689	8848	7025	4999	909	140	0	56265
LT017811RM	366	98	170	269	871	2312	3754	7188	9391	10447	9004	9145	10029	11873	12277	13614	47905	176694	24596	196015	151144	445681	120582	64236	5116	6583	8995	9691	11926	17108	10636	2269	198	0	163122
LT108067RU	641	154	260	280	806	1884	2009	4119	5524	5578	5215	5694	7589	10453	8191	11243	16470	44219	23849	283354	195210	690553	174397	172004	7202	5756	8408	9146	9994	7651	5698	1199	95	0	82815
LT089958RL	467	174	221	384	948	2262	3737	7453	9173	10232	9091	8852	9248	9500	11737	13167	60234	229427	23012	201083	133445	450218	127065	93813	5801	8941	8985	8539	11367	9885	7439	2703	113	0	125686
LT259072LU	415	120	234	270	695	1649	2976	6995	9112	9476	7589	7844	8246	9697	10200	11333	13081	31364	20767	212850	148463	446480	128538	99377	5948	5840	8352	8343	9591	9943	4795	1139	147	0	48745
LT166111RU	2491	793	1182	1065	3768	7309	10429	17764	22914	22745	20834	21359	26516	36189	34626	44696	111181	364743	99409	1117502	733710	2156093	634278	586174	27489	23859	32032	34921	35747	39157	65494	5314	680	0	260300
LT139691RU	4727	1123	1888	2492	6607	13357	17725	39750	64306	49886	41320	38432	47395	57843	54404	71773	135880	434978	138648	1177171	1060882	4003145	941904	653589	35602	39157	57146	57635	65578	49081	36884	8116	868	0	662958
LT096554LU	2467	675	1111	1608	4075	8058	11337	21175	23833	21820	18576	19819	24181	28357	23516	26572	37133	105744	61537	738658	448836	1523771	424075	414993	20276	13970	21761	24996	25454	17155	9923	2626	414	0	202919
LT017275LL	3431	685	1051	1650	6978	16741	17055	29083	33354	36581	30199	27758	31264	33511	40882	75432	837854	3356655	165296	1076181	703356	3040177	606153	410492	21775	31745	37939	32555	45398	38510	76904	24372	531	0	1418181
LT079487LL	4482	1203	1898	4014	10118	17181	14554	20353	24145	21593	20791	17414	22670	34663	30721	47958	236490	864800	123818	1204603	816592	3208772	679720	420267	22377	22141	38882	44410	48650	39372	38519	7932	373	0	835818
LT142933RU	5714	1306	2561	4860	5928	12882	11139	24345	36230	24984	23704	18504	23410	42243	30402	60604	143798	512619	116154	1420976	801427	2534848	809905	717055	32102	29204	43453	38085	41641	39623	31582	6369	550	0	988930
LT024857LU	3342	936	1276	2732	8848	20501	30204	57039	66362	77237	59467	59046	61730	60941	73491	77455	350999	1343273	146666	836268	663931	2974898	658252	489821	31428	48122	49933	51896	70222	58010	43783	9441	681	0	954345
LT222755RL	3422	859	1771	3430	5934	12141	16970	39430	51470	38491	32703	28238	31411	52439	40250	58762	71252	213053	101860	1091018	812813	2536849	841540	625236	29005	26435	41070	38859	44874	38131	22140	4245	528	0	429816
LT072789RU	3667	971	1549	2143	6788	13028	12069	22958	26172	24728	25076	22003	25741	40141	33203	51560	252057	1034168	98090	699785	556476	1959939	457756	619018	24862	23507	26210	24144	36331	28441	39473	13392	340	0	907714
LT197381LI	2098	466	872	1198	4318	9309	9164	17418	21681	20691	17674	16778	19029	22733	23862	44184	392722	1593744	99879	464376	419000	1524006	354876	216189	12573	17525	19850	17390	22642	18934	21978	6836	316	0	1399261
LT262371RM	5957	2096	1983	2912	8414	15075	18021	34784	45359	41335	35204	34968	41013	50535	50750	64978	243500	898428	126429	1156706	784098	2666145	714138	705614	39724	38855	40851	39580	54474	42415	35508	9722	729	0	872652
LT264283RL	4610	1153	1718	2253	5545	14799	20804	50627	62756	65847	61533	59978	68533	69613	81387	78604	136243	403068	182837	2117890	1333864	3989339	1028309	771516	45816	47879	66050	79010	87275	84293	50489	9749	832	0	800466
LT190004RU	2180	461	904	11845	3485	9319	8673	14805	19098	18780	21234	18324	22419	29167	26357	47557	359041	1615840	123813	892555	549773	1753667	453384	478343	20450	22339	27977	25859	36371	27928	39593	19534	245	0	2340534
LT045399RL	3628	943	1336	1470	3822	9059	13722	29690	43370	42501	41877	40184	45934	49937	59820	65400	153350	496352	129358	1083939	894368	2725478	782223	565081	35431	41809	54452	57863	64031	50174	47982	12885	752	0	700748
LT177521RU	1959	486	922	718	2172	4441	5199	14146	21218	17937	15923	13613	14199	19813	18511	26198	41603	126522	56521	601016	448608	1467144	525219	336251	19804	15922	24949	27667	29397	22829	15159	3141	306	0	258287
LT158795LL	15940	3524	4521	4739	11006	19011	30991	85019	115709	110374	86870	69928	70320	95958	74563	89525	148724	427441	180966	958515	810169	3219813	1342527	697627	88008	86568	116322	101583	86031	97181	61542	12609	1436	0	2945801
LT083759RL	14162	4166	5329	3829	11128	16883	24668	69401	96510	108161	84839	74650	81977	115380	105482	113680	123415	220574	249732	2357132	1661505	4524429	1581255	1236706	110969	91052	112049	132569	140095	110480	69413	11850	3209	0	707017
LT280851LL	2722	732	1071	1105	3101	6954	11178	20211	33730	30506	29324	28388	32217	38688	41471	58323	271398	1074717	137639	876929	704236	2369986	621433	482683	28578	33176	36520	34648	39266	40102	54649	18935	582	0	1620893
LT235441RL	3098	488	1172	1022	2756	7378	9848	23227	31833	29515	28811	23118	26186	38741	36477	53645	122525	401804	134359	1686872	1076855	3224511	1015362	778893	34285	26763	42193	46533	53404	41012	35533	8187	532	0	987123
LT169564RU	3029	399	1264	916	3421	8091	11709	26435	35083	35028	32550	31773	33330	34694	42642	49598	233526	903874	114221	1120919	732756	2180247	594468	434655	20775	20685	34877	36756	42828	32063	32530	13543	236	0	753248
LT126293RU	2874	530	1053	796	1992	4212	4616	12375	22675	17083	15946	12501	15703	25130	22257	36959	34829	91199	118375	1615156	1031322	2371274	782611	389516	25762	17844	29641	30644	37803	27087	17486	3168	320	1	241623
LT084808LU	4869	853	2086	2215	6677	12868	11423	24969	38709	38291	35376	25728	35216	49470	39682	61165	79987	240629	142998	1777695	1163605	3198914	1188422	689077	35873	25744	45934	47968	47931	33756	30143	7905	325	0	817750
LT191618LU	5000	1003	1892	2307	4247	7184	9598	25073	34191	31939	25503	22178	25539	36614	37459	46252	49340	121055	105747	1315132	800702	2456319	682493	525947	28894	21855	38782	41565	40750	40082	20722	3335	484	0	340316
LT157856LU	8759	1109	2736	6502	10019	21033	31286	78983	93010	109493	92789	70777	67848	72300	74685	79348	90481	187986	130954	1144025	870347	3274235	1327722	853273	59821	54694	85898	92277	92453	96657	48388	7606	1525	1	1008916
LT055396LU	3399	705	1110	2195	7369	17421	31124	61563	71553	77850	58854	56267	54178	53939	65184	65474	139736	426938	145754	1676243	961289	3148177	846105	538636	33102	44970	47205	49301	54807	44158	27963	7569	627	0	557675
LT205707LL	6376	1665	1889	3553	11935	23991	25111	38414	47074	52154	46676	43357	50329	55168	55762	64120	175172	581897	148810	1568840	995658	3111183	754115	714385	38899	33105	49018	51752	57910	50299	37820	11005	706	0	863350
LT028264RL	4929	1359	1853	1905	6799	10446	8076	14942	21900	18688	19147	16564	22147	31224	28818	46889	259627	1030375	106299	966082	595157	1898386	615573	578813	32049	25419	33019	30986	33981	24499	29808	12409	153	0	1319849
LT157177RU	5950	886	2183	2630	7365	14999	14503	28709	37452	36582	36777	21803	23486	41516	33294	47311	182737	759056	114353	874264	635937	2600403	800092	543370	35132	30003	44466	45689	51700	49586	43987	8429	825	0	2242094
LT059224RL	7837	2143	2479	3324	9268	18026	23982	46149	59400	69598	59733	56358	67061	73164	78420	89454	178541	559862	156173	1119799	814809	2619648	679898	581569	45221	52113	57733	59778	59254	67812	49705	12905	1134	0	1251108
LT223106RU	2856	497	1204	1252	3113	6677	10312	22196	41379	31298	31726	25980	25416	31525	32316	48890	271238	1156111	131437	916217	646757	2242427	659156	399239	23615	26385	34668	31689	38620	29049	30750	13166	650	0	1240311
LT251693LL	4610	990	1824	2486	8482	16007	18395	39271	46462	47965	39844	34268	38138	51295	49947	67165	106906	327806	148926	1622885	1110370	3449226	973195	706211	35038	30229	46252	45601	47328	43667	40574	9333	827	0	709853
LT197821RL	5885	1846	2282	4529	12443	20225	20857	48183	53029	57057	53058	44540	48846	70857	60757	78155	128098	387028	180971	1208040	1138205	3393399	966372	543474	40169	35424	46843	51579	52451	45878	35703	8997	938	0	558350
LT277036RU	3649	694	1481	25223	12264	22524	20167	32538	41893	36024	38291	30447	30939	39174	39464	62812	450174	1760551	155502	839184	717270	1735935	492203	335376	23747	35903	32020	30813	44019	35069	51740	29200	719	0	1502126
LT130603LL	1038	203	467	635	1641	3187	2634	5023	7589	5936	5257	4425	5629	9617	7801	15488	81637	339137	52571	157694	167842	491706	155194	97791	5581	9046	8885	7616	11086	9744	12389	5272	37	0	426959
LT013743LL	3038	683	1687	2571	6736	13557	14785	27271	33365	31019	30569	26869	32962	45239	40918	55428	111793	372379	145183	1251253	1022321	2595590	947187	581765	27167	24989	34225	29947	29486	33190	81513	5581	353	0	394088
LT243794RL	4217	1043	1777	2692	7148	12292	11757	22896	28138	24604	24912	17639	21017	48744	28831	51903	181361	718155	168700	738045	745819	1976122	671652	458687	26380	30324	36320	34732	41452	38117	35826	12909	175	0	1096889
LT184772RL	9938	2317	5662	10623	36460	60501	33936	66634	67121	63008	53925	34430	47980	120682	64344	88434	226136	820472	214345	438174	557371	1979886	883382	524682	40714	42529	54967	55461	53687	52620	58350	12143	784	0	1371634
LT91552LL	4950	871	2080	3097	8617	15995	15818	32818	39408	41115	34844	28349	35184	58393	44081	60080	66534	147686	140830	1308278	1056988	2675159	835403	701481	34867	23883	44433	45330	39365	48225	26896	3897	574	0	378770
LT122336LU	4394	950	2082	5071	11508	21132	26869	58362	73207	73249	59597	50923	49220	70308	57721	78301	163564	545452	187000	1060713	1157914	3019720	1022471	760940	38908	38181	49569	47634	51243	50353	36053	8271	668	0	686616
LT220968RU	5412	1096	2191	5225	14684	29019	46349	97629	103196	102634	76225	65427	66168	90716	72711	81016	86054	185261	176536	1368575	1307346	3664551	1223566	828476	49977	42002	66734	72369	73643	59994	31928	6879	1438	0	450870
LT141870LU	2544	597	1022	2152	7193	14017	15068	26450	32225	36996	27980	25323	27317	34626	31478	36875	70807	220671	75336	532131	456844	1218777	381690	315691	19530	16791	24794	27552	26394	31234	20442	5282	647	1	364321
LT069585RL	2666	566	1237	2592	7540	11944	13062	19276	19843	19980	18907	14104	15319	24557	19792	34543	404742	1842143	113963	215987	190956	655775	162469	101455	10006	16111	19282	17900	20774	31685	32555	15655	387	0	1316820
LT168204LL	6343	1218	3112	7658	20195	30308	27373	53587	62650	52068	42029	31905	32839	61491	37787	54028	119859	436341	135578	765172	845211	2476342	889329	712329	33498	27384	41471	40891	47402	39426	31295	12156	548	0	843964
LT028044RU	9339	1892	3072	4331	11278	18095	22386	43608	53463	59608	46810	40166	43094	63023	51206	60260	144508	521902	184712	1088633	881829	2785856	698684	492107	38311	38062	48600	49524	48264	42978	32533	9109	963	0	770743
LT077800RU	6007	1420	2334	5573	14840	23960	28291	55009	56124	48561	41731	35424	34483	45131	38829	53318	237548	933426	144388	701561	615646	2002094	589750	415880	25102	28715	32047	33830	37216	36997	37225	11867	430	0	982361
LT123313RM	3807	741	1773	4404	16791	31268	32820	46330	46806	56774	42867	36380	35454	43423	40121	48960	311789	1441269	149068	718322	577595	1755759	396245	266027	18143	22552	29226	29499	33816	34886	32068	14677	1014	0	1201991
LT296771LL	8930	1698	3253	4755	14516	23006	23975	42210	51628	54160	41879	37734	45823	58468	47724	55618	84695	213378	109702	825077	775414	2149343	654834	467488	32009	27237	40729	39976	42306	36654	26056	5913	597	0	475758
LT234205RL	16951	5051	5305	12191	34048	50627	40259	52918	60580	54012	57897	50080	63956	93560	71939	103913	508297	1876406	257147	1301411	1042250	3192119	739697	512532	55247	62653	67543	67179	81636	74492	72093	30861	359	0	2454854
LT066309LL	4330	964	1696	5439	13657	25247	29439	45863	47924	54794	41679	37222	36187	41019	40336	50321	306468	1212102	131568	864930	600575	1727749	373932	187624	18006	21618	26468	27168	35168	30015	31391	14969	622	0	952042
LT111643RU	3063	581	1494	2531	6694	11025	13142	23728	28010	26469	20956	19626	19284	30027	20784	31034	91133	324090	66878	497339	418196	1095060	344800	255343	14715	12412	18611	16461	17210	19931	17457	5638	288	0	379267
LT184901RU	2636	358	1244	1925	7363	12606	7017	10683	12183	13035	10909	9256	12239	15775	11952	23302	151032	634149	74011	234557	214414	586390	188958	131085	7373	9865	12419	10243	15743	14068	18112	13294	102	0	921753
LT072387LU	3614	941	1740	3542	12224	21641	27243	46406	47371	40982	36003	35406	41963	48811	47626	57605	60063	200088	118478	1259657	1070190	3169654	1017199	708323	34205	24887	41289	42202	41722	35427	25690	3850	383	0	272345
LT258372RL	5445	921	2586	4384	16808	29633	22292	40436	46897	37332	37755	32504	38021	47333	47148	74614	354808	1821704	173647	966688	921487	2735695	1012923	880020	40933	45472	53187	44715	58048	40536	42510	28174	327	0	1546207
LT230415RU	2124	540	910	2008	7110	11683	12207	24335	24806	21224	19870	20856	21846	27914	29346	30808	38415	142435	65278	632210	558281	1841901	521036	381648	17811	12255	23938	25150	33656	28517	15034	3058	191	0	174399
LT203446LL	3081	902	1333	3667	11726	20092	24114	44606	49678	45207	36688	33185	38256	45249	48215	60540	140310	612984	121805	1127091	892959	2772300	910906	567775	29444	27036	36572	33956	37731	33902	26561	8161	440	0	539668
LT044225RL	3677	1076	1833	4509	21102	31977	23228	37826	36587	35821	36465	32017	39369	46508	46017	54574	213510	1303665	143518	1224492	991861	3173634	885811	607970	30858	25082	38016	42288	49657	37114	29162	11586	329	0	655236
LT253371RL	5252	1202	1867	3862	17914	33287	32201	45912	50433	48627	50409	48710	57331	65665	60107	84560	463626	2995381	240530	1816209	1479905	5089803	1408898	986379	44361	38034	55676	58724	71150	54040	57746	21408	405	1	1424903
LT095342LU	2776	948	1653	4962	17436	29970	32398	56733	51687	55838	43683	43882	44392	48119	50012	51654	78726	295790	143741	1816323	1302057	3803576	838194	529439	26069	19187	31046	36756	39227	30645	21576	4079	459	0	243965
LT067200LU	3371	971	1742	9138	30081	43068	45165	46922	44444	44669	40275	38141	44279	49458	44441	46170	94029	498906	98508	783853	718892	2161085	650969	449958	25566	23227	37499	39920	52812	46523	33078	6580	235	0	510907
LT041389RL	3027	724	1054	1625	5671	8075	5514	11886	14689	12381	10352	9219	12687	19800	16814	23094	39737	156300	45161	414452	359303	1146901	378935	300330	16896	11968	18619	20160	22299	19595	14224	3091	166	0	263815
LT121014LL	2430	662	1435	4302	11554	20063	17338	22858	30262	22286	21751	21561	28229	38325	34135	48519	74055	328660	85107	747597	865496	2391637	837307	601042	28040	23497	31444	26967	28627	22138	19339	5879	103	0	309869
LT213735RU	3747	708	1135	2630	8045	14558	19765	40141	39988	38797	30364	30426	31279	33187	40473	42982	169097	1217238	107561	1017353	753791	2714185	709851	436820	20600	18303	28199	28956	35196	28190	17496	8078	224	0	491842
LT024967LU	8467	2278	3385	4665	17136	27049	19575	32213	45653	31065	32724	30383	44245	49480	50165	78685	414316	2748164	170782	814917	830786	3084634	846276	919698	45602	47060	49932	41078	49489	41013	44604	22201	171	0	1367985
LT271100LU	5606	936	1907	5104	19641	30622	30434	56833	60764	55218	46460	47991	49942	53437	56963	57805	116765	581346	115030	1067801	887849	2711587	799133	558093	27411	25522	41103	41854	47184	44851	26344	9139	261	0	560048
LT021461RM	3707	688	1237	2868	9813	15187	11870	20893	32754	23038	20050	17373	19974	26651	28396	48103	344248	2173378	120074	622604	637631	1851063	510765	348495	18694	21559	27899	21491	33959	24608	28079	15715	152	0	996076
LT063974LL	5799	1186	1883	3628	12686	20443	18564	37933	42772	38371	34278	29679	36030	38779	45228	55406	156456	826270	133834	1557744	1051244	3110971	926291	588269	28113	35160	38456	36890	38565	33816	24819	10091	330	0	530467
LT286644RL	6815	1510	2503	4160	13902	22829	21465	41581	46056	40884	33711	33097	39225	48472	52177	63425	151874	707039	135404	1156493	985964	3316676	914439	657643	33635	26244	43372	41897	45561	45481	31078	7998	356	0	571055
LT056024RL	7778	1577	2382	3618	14009	23306	25479	49159	62122	56580	40295	37130	47611	57296	63455	72240	105382	439548	147822	1615271	1311779	4077581	1162460	790589	40989	32514	56469	55979	58498	52846	31377	7014	720	0	594164
LT102131RL	5030	1578	2169	2988	9970	14180	12270	23262	26068	23664	20935	21465	26584	35338	32333	40489	141565	800673	94933	363626	345668	1016647	342142	354830	24153	32513	26908	25075	26808	33167	26728	10938	286	0	960371
LT028427LU	4548	992	1819	2917	8596	14529	22554	47889	52165	57130	44989	42109	43657	49246	56824	59101	139349	845325	115783	896962	819959	2796438	859817	651335	30790	30487	39025	37747	43772	39712	26453	10571	646	0	547865
LT205601LL	1032	231	302	1042	3348	5710	6454	8942	9537	12201	9150	8470	9309	10009	11771	14879	90617	594866	30874	167064	146626	539704	123727	77376	5335	6318	8597	8899	10041	10468	8089	3652	172	0	258994
LT221782LL	3229	1691	2423	8147	22452	36407	47232	65126	65074	74288	53217	47798	46285	46529	46991	46971	81755	318458	99589	688494	594574	1793502	515328	351023	22855	20250	29677	33862	37829	38928	25102	7285	601	0	337515
LT139051LU	7109	3073	5963	17068	74375	111014	79818	88925	101361	80554	65299	51109	63988	86830	78374	101685	153217	433604	201375	2023184	1345201	3628559	1073158	635096	48637	41372	74971	67512	77451	105176	68436	8315	1067	1	1147190
LT131887LL	3980	2036	2841	4175	11399	17680	21833	38986	39211	34616	39165	26889	28260	37479	33847	39820	71054	270866	113980	943713	700214	2070232	565561	608594	26364	19679	26138	28458	34720	37283	26407	6026	596	0	303965
LT043798LU	1762	768	895	9656	16420	26680	19849	25853	24767	26308	23713	19850	18353	20289	22936	36490	278943	1046880	84445	472761	289776	1008766	216611	188538	11663	14459	19285	16749	25649	27244	33725	10309	328	0	990173
LT100654RL	1702	676	1139	2303	8073	14324	11326	16669	18795	16269	17019	13313	14885	20878	19773	33029	93965	382294	65472	585750	357789	1126622	344021	272954	12675	11169	18971	15107	23787	20556	24161	6956	180	0	681409
LT230142RL	4113	1873	3364	6795	18024	28096	36491	74982	81098	79532	56536	50841	47568	57768	59518	79525	106252	326579	143013	1478594	925729	2808478	1025415	562668	34334	36371	53597	45826	57276	51640	34898	7903	737	0	686358
LT216500LU	2917	1319	2083	4301	14020	22679	25437	41704	41715	37310	33231	27679	29112	38892	36719	58626	216995	814259	128246	877595	579828	2183230	566805	334281	19933	25520	32592	28905	35976	38265	48403	10238	484	0	972855
LT001098RU	2655	1588	1930	4296	10315	15172	19095	32238	37550	35439	33116	25311	26439	38182	30267	41915	64103	185728	103029	890260	621495	2313170	540955	282289	18855	19550	29153	29722	32349	33801	33511	4114	383	0	363481
LT021748RL	1916	1058	1435	3390	9067	20048	29370	46677	43241	44562	37254	32535	31367	30710	31794	33539	80807	362555	79892	612233	471804	1498707	360684	268610	15306	17317	20219	21739	30228	29525	21748	11296	371	0	327706
LT243058RU	4569	2278	2861	7167	21293	32136	31119	47119	71794	61340	49138	42458	46771	57478	53968	70630	81643	208979	130222	1152245	866280	2788657	817915	479122	35699	35584	50466	43257	42957	48259	39712	7372	794	0	420285
LT196677RU	2039	700	2087	3639	12230	17863	18645	34047	35044	30273	21308	17439	21020	28928	24446	40560	45784	129741	94986	1175827	646580	1994036	682420	368712	21883	14356	31419	28228	28232	25985	21752	4569	367	0	329258
LT269381RU	2315	841	2548	2931	12759	19999	18170	31785	30157	26496	24415	19524	22010	31196	26484	45004	171550	738432	103941	692527	383021	1209378	404911	350313	18057	17536	25391	19228	29466	26258	35653	14908	371	0	1523977
LT222702LL	3669	1553	2688	3460	11727	20452	26247	47207	52590	50331	45741	43167	44549	62558	65005	83517	236982	931445	188577	1101976	738415	2131602	720814	562768	30468	36257	44947	41386	51538	105263	378599	12078	659	1	832823
LT178967RL	2054	953	2002	6834	35747	56666	36064	46738	44168	51656	40373	35494	36778	42930	42062	54672	202975	809218	108729	684874	411481	1349782	405486	371828	19813	27483	28797	25800	31566	36425	34248	11435	687	0	1149066
LT022251RL	2960	1040	2235	3767	15382	23117	22047	37239	31718	30191	31594	24165	30066	36495	31746	34968	29332	97361	87935	1093285	788612	2484970	855206	753322	32623	18543	28049	28719	26853	22240	13622	2476	237	0	194894
LT282601LL	2631	937	1918	2446	11315	18219	16542	25630	28534	26292	23908	21767	27896	32392	26135	34006	38381	99579	63205	637296	455132	1412244	431231	285287	15494	12864	27092	28781	29732	26663	17887	2836	266	0	236541
LT270821RU	1668	796	1802	3718	10228	16363	24310	45717	46267	40330	31229	28000	27846	33069	32001	43690	92744	326239	95697	770720	469247	1678133	413724	249635	16893	20605	25705	23127	27944	29130	27196	6182	462	0	587603
LT152653LU	1467	646	1142	2059	5865	9182	9033	17519	20585	17163	14682	12192	13320	20409	17110	29039	99386	405882	71930	479327	293593	1071356	292871	205458	11940	10133	17701	14781	17830	21032	23311	4999	246	0	651778
LT249811RU	4050	1808	2517	3983	12441	22038	31128	58242	63836	66657	50297	48036	47789	57694	55763	73611	102148	309857	124257	911713	648490	2417566	617705	459380	34504	31345	38354	35200	45300	42103	33353	6822	1250	0	458006
LT090666LI	1879	758	1066	3262	8751	15599	23792	41426	39218	38001	26870	27841	28564	30167	31924	29511	39908	106884	54775	507445	302377	940137	266991	166538	14458	15332	21808	22987	24783	29676	17732	2835	355	0	276918
LT274443LU	5055	2830	3478	8129	19731	28642	29751	65608	80855	65609	61307	45254	42236	55057	49174	56788	64472	194325	102068	676443	875701	2582686	910741	477923	42263	41486	57218	47926	49216	56954	31202	5496	420	0	341436
LT059721LU	2382	1554	2128	6425	20009	34451	46376	68737	61562	67080	49378	42084	41869	41544	42338	43234	62535	212911	96738	1087912	656766	1634501	488329	336313	20558	18186	26975	31852	33877	32404	19129	7062	488	0	304246
LT228772LL	4286	1674	2593	5772	21213	37028	27424	38654	42495	39661	42811	33886	37201	43429	42957	61637	165611	729544	153301	1087602	969482	2218135	643756	505895	26448	23818	37767	34236	42646	38666	32751	26881	258	0	700405
LT160089RU	2038	1310	1614	4683	10991	14275	15500	29374	29224	25584	23801	17881	16368	19556	16787	19547	54832	204340	51073	408872	299213	985213	258539	133554	11409	11487	17570	18909	20603	27231	17491	3357	256	0	299462
LT084038RM	4492	2506	3651	7978	27281	42471	48113	70931	70931	69600	60506	50750	52950	53170	52516	64403	148928	664594	153843	1030409	820236	2745904	751003	594343	33059	31265	40404	42529	44413	37612	28006	14787	455	0	467786
LT217339RL	2554	1216	1895	4734	11851	19098	25744	49594	50671	51493	38830	30989	29385	31983	31398	38167	42027	115945	72231	719758	623754	1585578	561730	449051	23423	15971	28881	31383	34794	26811	14038	3634	312	0	215861
LT253131RU	3725	1820	2245	4123	12073	18386	18350	28239	30753	27884	30348	26789	30699	34363	31711	38816	70410	276015	92130	640383	557964	1593996	442153	449278	26151	17457	23142	24961	23809	19471	14876	8822	213	0	279089
LT236557RL	2398	956	1683	4757	13783	23735	23247	31714	34451	36345	36073	30744	32716	37034	33884	47106	228454	1121423	118850	618835	545744	1568027	426931	282108	19863	25384	30113	30635	46711	29759	34667	28974	182	0	836384
LT118519RL	3319	1364	1896	6154	23464	30623	28102	28004	29432	33562	25876	21902	27226	32675	26664	28898	27514	54963	66007	653358	523953	1435615	457265	398452	20943	14271	25547	34265	32708	31451	18168	1736	342	0	167673
LT123131RL	3550	2435	2779	7176	25804	41258	51544	67707	66108	71202	56333	45430	44704	48923	42692	44114	44382	88701	77525	676966	527836	1479338	436194	364923	25303	20656	28240	30145	30688	31875	23204	3442	773	1	199087
LT134776LL	1842	647	1239	2925	7279	14133	20308	38753	42721	45015	35535	32348	32545	31782	33356	35429	59333	215880	74627	636954	472034	1336809	436688	304680	18419	16619	22610	27104	27871	25425	16111	6683	305	0	312132
LT147658RU	1313	445	892	1441	3800	6974	9813	20549	25763	26544	22621	19490	20227	22489	23944	29351	35374	119264	69433	781433	502543	1592579	430504	291700	15351	12678	22004	25065	23805	23604	13474	3201	381	0	170803
LT199987LU	2696	1198	1465	2908	5926	9281	13202	30981	39211	41579	37221	31986	31392	41129	37919	49648	120717	537593	106747	484310	479697	1551783	435944	306584	24408	24100	26391	27767	30108	24543	27512	15736	658	0	417079
LT168094RL	5112	2805	3847	5975	16194	25629	21885	40748	40204	32743	39840	27438	29481	59908	34893	52619	223987	938118	119158	393747	453582	1755503	588602	506918	34703	33661	41614	45063	63435	47729	59674	18132	347	0	897457
LT050246RU	3594	1416	1936	3429	8470	11969	15264	28911	34600	31385	31497	25623	30005	43041	38461	48389	50127	106201	91287	613407	573190	1434432	479411	346861	29184	24277	34326	38560	34240	36114	31136	4072	254	0	279424
LT046103LU	1536	535	1077	1745	5835	10500	9055	13110	14692	15722	18103	14841	17458	18615	18745	29661	197172	1006754	79797	341805	295839	852391	247139	223769	15765	22031	21798	21319	34862	20476	20625	24198	146	0	873830
LT022562LL	4886	2615	4874	10050	27756	45627	59327	113335	110383	112203	106154	72363	84816	150265	102804	130393	103148	208195	225405	2226998	1327353	3483246	1013309	545693	58886	50296	78792	79888	80873	200101	113982	8357	2373	1	846926
LT112597RU	4695	1787	2555	8209	10959	17289	22360	46086	58304	58658	50836	43554	45919	50491	56832	65739	84203	264648	133511	1300812	970894	2667732	846337	605146	40150	35947	45247	50626	51726	51958	29809	10703	494	0	406526
LT290677RU	963	319	702	1336	4212	9533	16572	28235	30661	33159	25291	23914	23865	22780	25930	26967	37933	131288	64390	720452	433480	1250473	328427	208113	11715	10245	15955	17282	17240	17032	10130	3678	359	0	138015
LT264690LU	1445	552	864	3253	8587	17370	27202	42197	43771	49050	40188	40769	41458	35197	38951	37809	41852	104846	74005	734476	520100	1519524	406261	312107	18045	17891	26368	30666	32025	34386	20861	3724	524	0	158444
LT100821RL	3579	755	1486	2914	8852	16585	21465	43617	55111	49416	43279	39800	37985	50517	40971	56898	149166	653715	106073	556394	507387	2475438	767508	395249	28982	29881	41728	39680	43239	44588	30797	6844	1116	0	890177
LT184423LL	2544	682	1105	1456	4096	6211	6932	14322	21174	18776	16157	15106	17334	30906	21503	30665	31424	63453	71713	756749	544056	1514031	454297	281572	18995	13756	24048	25865	24929	22364	13978	2407	326	0	185597
LT188161LL	2498	800	1349	1927	6195	13205	21327	36656	44410	55181	44493	50682	49518	62821	58153	58919	115070	356933	98026	635669	563477	1601012	452049	367867	26491	29572	34773	37972	48420	41305	44827	7839	1188	1	416343
LT148377LU	1416	398	968	1832	4922	8844	7849	14539	20880	18031	16155	14731	16720	27126	22470	35384	70599	241149	65660	563981	453648	1340569	429591	305059	14874	15459	24971	22037	23600	23090	18721	6000	231	0	411072
LT089451RU	1214	257	341	925	4118	8198	9905	12313	15881	14570	13402	13423	12904	16372	19112	49624	500181	2199988	120946	278740	201587	758426	194765	120084	11795	25417	28720	18079	38499	33385	61685	20298	92	0	1299654
LT070403LL	1680	440	791	1301	5725	10636	9119	15388	26506	19787	17499	18210	17773	25824	21945	33472	141274	560798	71245	438208	400836	1286675	415965	271393	14579	18590	21860	21363	27316	25512	30479	9260	367	0	453336
LT244824RU	1016	329	597	1282	4965	9686	10656	14249	17553	17763	17488	16681	17639	25823	20463	31171	230049	905534	76436	524688	353938	1252377	242177	156201	9687	10922	17063	18413	23979	33235	34132	9409	354	0	916017
LT158647RU	1418	500	854	1520	4669	8739	12703	23486	31000	28934	24823	24241	23935	33824	26953	38373	93137	310592	89706	732584	569130	1809201	481540	237712	17344	16675	22959	20687	23494	20203	17834	5125	571	0	302143
LT195522RU	1408	444	1079	3790	4992	8691	8529	11478	22075	14216	15319	13717	16193	27910	19824	33107	106176	378979	89601	875045	648130	2209271	718755	470818	19803	23263	25907	23937	24242	20828	26048	6185	247	0	388098
LT111916LL	2199	380	1014	1203	3992	7327	4652	7859	11209	9285	9731	7702	8282	18805	12055	23380	136760	610371	66533	138163	138302	545530	208663	175915	10471	13562	14520	16601	23193	19607	23901	5009	208	1	973646
LT059865RU	3089	1115	1724	3325	9203	17045	23794	45081	60059	56240	46947	45078	43032	62241	53518	65173	167745	623114	128346	654266	585597	1937389	544697	341469	22894	27709	34997	32894	33900	39261	32792	8101	863	0	604907
LT265662LU	3755	1100	1780	2788	5811	9409	9559	15563	24423	18224	17895	15964	19658	36751	25540	43681	61333	181340	93211	963907	742130	2320146	710003	486623	23215	16806	27958	26577	26614	25384	19126	3739	282	0	322667
LT102695LL	2547	828	1401	3306	10516	17064	17957	34991	37632	36535	29017	27807	27407	38598	30495	36621	49333	113460	69403	677097	484944	1511531	478737	487281	22783	17970	24465	25509	26354	32449	16958	3327	509	0	284333
LT083491LU	3832	1323	2266	4396	17066	28359	20738	29630	36773	32616	32565	28824	35021	51524	34108	46577	97970	324374	100577	893394	710365	2083679	669219	538905	24623	22584	32573	32361	30394	26917	24856	7390	291	0	533181
LT229669RU	5156	1675	1732	6934	7441	10751	11191	20805	29070	26235	23160	20744	22554	38196	30697	50550	167192	630027	106242	791427	606238	2129822	485408	316127	23491	21192	30004	31545	34928	32533	32319	8112	484	1	584210
LT234774LU	2546	745	1326	7360	7195	14145	21220	34926	41646	44581	38288	40655	39763	49473	49132	57462	249498	989350	121293	777429	581547	1857734	506462	326735	21431	27836	31490	31400	39864	47797	79749	10908	689	0	605432
LT128262RU	1261	390	436	1267	6301	13747	11395	14398	16394	18020	15941	14614	13901	18147	18740	48448	724654	3026628	138690	214621	190855	720492	136281	90910	7394	11709	12669	10717	16655	23949	37811	12681	273	0	2045901
LT107185RU	3250	806	1355	2845	7801	13306	9974	15868	21215	16564	18415	15011	15825	31524	25925	62601	274808	1213143	100094	613087	505898	1546631	451337	351729	14906	14786	23763	20239	30961	33022	62914	14068	147	0	1036821
LT144769RL	2811	847	1522	3449	10865	18885	27356	55029	58446	56299	42880	43790	36673	45159	41678	44633	89442	318903	105403	993888	617364	1928546	595311	362747	18306	18237	26993	26265	30690	31999	19464	5097	387	0	389821
LT019699RL	1809	481	733	1796	6254	13345	14580	21621	25455	25735	20984	20487	20121	26622	23199	37489	273367	1148789	100335	363868	327712	1165916	266398	189254	11647	15308	19213	17520	24088	22967	33179	11170	440	0	1019587
LT125521LL-2	1139	332	533	467	1547	4516	7037	8196	10871	12636	13706	13698	15546	17899	22183	31539	219909	941348	97244	521644	484326	2189484	359816	431418	14528	30657	17727	17554	30678	46283	129374	8952	282	0	351151
LT159988RL	1911	445	1043	923	2438	6820	12284	22289	33659	33681	29176	30939	32521	45561	42893	69652	429284	1894308	189203	645994	653560	2457319	652609	385412	22737	32109	36739	35050	42196	47202	75101	16329	706	0	1017369
LT119300LU	1327	412	585	649	2015	5395	8505	16506	22273	22485	22737	22803	23500	35207	30353	56473	290267	1141029	114428	551974	450424	1425894	409101	280756	15647	23660	25771	24644	37631	37714	52996	15839	299	0	1027793
LT126327LU	1921	469	1022	1572	5107	12100	17892	24433	33887	40275	35751	37354	41249	54604	45218	52396	143118	479394	132947	1196568	868688	2682396	626742	352975	26294	26047	37239	41947	46237	43042	35721	9529	762	0	661796
LT228897LL	1544	518	615	608	2093	4423	5285	8493	12245	11049	12692	12837	15456	24078	16862	24016	75621	288950	59185	416195	337699	1109921	284339	309265	13680	15027	16723	18245	19982	22137	21589	5636	150	0	295941
LT112491RM	14916	5567	4134	5430	16242	17777	17990	37949	63641	50913	48031	53543	63306	88097	84007	110515	163227	459234	171484	986817	886288	2835100	904225	636040	80137	75408	67212	62443	74568	61459	52732	17136	870	0	727067
LT134719RU	9776	3546	1817	3157	8732	7255	8677	15935	25862	20660	20874	22627	27764	38269	37326	62027	376177	1483811	139097	358860	338350	1657856	320576	220048	42181	50647	34940	31999	41816	36365	57257	15844	436	0	1236226
LT238765RL	880	181	412	408	1107	3225	4945	9360	14896	16993	14393	14593	15842	21957	18756	25735	86194	348082	65045	323563	263275	886274	229692	161856	10507	12807	17535	17157	21418	23209	20980	6310	420	0	589996
LT128191LL	4144	1106	2171	1367	4145	7955	9150	18092	27194	23695	22773	23338	28022	60888	35566	56859	80022	233344	118939	1137452	795517	1946946	721729	628548	34091	25455	35305	33415	37241	37245	24928	6469	593	0	719248
LT221983RM	1279	305	1006	695	2369	6198	6088	9709	14228	14498	14137	13558	16452	26438	20910	36416	141141	564058	88431	406192	391565	1400150	417984	338755	13376	16397	19845	18986	23302	23208	34444	10103	116	0	604159
LT211455LU	2067	583	1295	2517	7105	17830	31396	61633	71912	76631	62166	63939	59004	74530	69443	73084	162511	516884	133261	769559	651501	2166666	509291	298120	25225	31755	37339	39855	47431	62351	61442	11382	1293	1	561802
LT174536LU	1106	170	295	686	3698	8460	7286	13693	17474	17097	14375	14498	13132	17041	18902	41286	534015	2155289	98368	310198	219638	573258	165583	81950	7139	9068	14216	12019	16922	21243	31148	15457	215	0	1782985
LT203541RU	2423	685	1070	2356	8713	19216	23022	51311	61056	62410	48476	52035	47060	60676	53216	54466	128392	429277	107786	764900	579971	1748910	549812	450344	26374	27551	36703	38144	45145	49367	34790	15766	603	0	875875
LT195192RL	1730	430	1051	1373	6169	14268	14169	23179	27335	27921	25462	25440	27231	33204	28894	44135	245507	964059	115490	727023	495491	1734833	406907	241114	14077	13675	24261	23848	25620	26423	29932	7952	434	0	719128
LT056464LL	1970	619	931	1066	3577	6840	10547	21319	26236	33741	24198	24258	24144	32145	28875	32169	51895	131598	90574	995495	683877	1571851	399107	194698	18551	14294	19880	22307	23121	23712	15242	3223	776	0	203848
LT271679LU	1448	536	544	1823	4586	8452	9859	11813	14013	12035	12183	11217	13138	21427	16850	24071	78505	269009	59237	628347	366072	1321402	237935	146126	10560	10645	16177	15086	15212	16085	13600	3455	223	0	218156
LT212777RU	1611	379	743	1165	3389	7450	6877	13889	18377	16298	14614	12409	14016	22691	17499	29340	89652	319931	75354	690615	532153	1486429	421246	252056	16378	11869	18979	18292	20261	16883	15231	4907	300	0	418349
LT299181LU	2674	887	1820	8103	13984	26318	21911	36829	46451	41304	37136	36982	40953	85191	45094	59861	100094	312461	107862	618661	568856	1847837	584972	664779	27864	22403	38204	39712	44920	66291	44691	7076	503	0	606912
LT145196LU	680	133	260	354	1223	3266	2770	3147	4669	4148	4369	3637	3924	6636	7148	21277	190546	823254	57208	68929	127581	282180	79148	50993	3133	5689	8392	5533	11642	15003	35923	7061	35	0	713611
LT167906LL	3100	544	1351	1793	6266	15379	12970	25997	31375	30584	30986	22331	23093	33577	28770	31347	46740	375572	93117	473116	498365	1789666	577918	429470	23641	21400	30496	31156	32404	48290	30544	3996	391	2	518708
