1	2	3	4	5	6	7	8	9	10
LT187987LL	14317737	2246218	990724	166394	106170	63825	29902	63579	612260	24263
LT166493RM	15847532	2413452	877642	131241	105841	64516	28269	92192	763720	19924
LT109321RL	16344794	2546160	887922	124541	82289	63046	21090	54472	325287	17394
LT104717LL	17384393	1987263	770143	110566	53549	34153	16796	21979	38289	17320
LT185066RL	15979554	1922969	775204	105285	51022	33302	14113	19350	46495	15873
LT291578RU	14935866	2782885	1100078	157624	86350	69030	27734	49418	266778	25764
LT075094LU	17045101	2869965	1004260	137483	83457	55963	19725	43968	231785	24057
LT051568RU	11542452	2519145	1281890	137950	134107	83920	39394	69933	778911	44791
LT194990RU	13191016	2233658	1150279	140841	101163	71760	28483	59101	191875	40209
LT132314LI	12632974	2340561	1195094	145102	147275	77748	37711	69866	763423	51147
LT030041RU	11175919	1970179	949325	114455	181937	109175	43530	118776	2050122	33488
LT125775RL	16339058	2717227	1194555	109002	68547	43391	17649	30792	94031	18412
LT055745RU	13179729	2912354	1348369	116659	189274	132658	79575	108131	681507	63370
LT148286LL	13609369	2338281	1212846	120142	115950	74887	30314	61147	805230	22851
LT219681RL	13751152	2785475	1532178	176588	120342	78620	33643	88345	693701	54159
LT009615LU	13047707	2969943	1185931	153182	143460	109132	38156	103859	548934	31994
LT132625RU	12782778	2802161	1174133	145069	126418	87393	34546	89401	1776312	34004
LT106997RU	9579393	2083049	1003737	138114	117865	79854	47628	66559	541957	45710
LT265199LU	11938860	2903084	1329897	149026	230760	194806	66374	89732	617970	39350
LT282467LL	13673083	2983616	1183442	196342	171520	125616	58956	80743	642899	67291
LT152979LL	12910903	2468603	1195516	180275	174405	151625	37255	125643	1465462	49150
LT010491LL	13093871	2670434	1081000	180512	94941	52470	32232	45765	253770	39973
LT235584LU	13638333	2437675	1153029	201132	101759	64259	34779	54557	357168	44815
LT023631RU	10859927	2171060	1023894	155799	110923	84944	27513	82437	1038200	34662
LT262496LU	18186380	2242057	1062918	186186	81386	54236	30613	44022	108459	31702
LT126571RU	16001652	2851403	1295238	225712	117266	63701	36042	62970	349344	45384
LT056627RU	16500692	2125952	912137	216173	191106	105750	36791	107146	1509864	58842
LT100984RL	14651136	2414623	1234831	267911	196018	158084	145718	166270	453685	129284
LT168219RL	11714400	1894754	930658	212519	254306	257054	65651	238454	1680773	45508
LT092669LU	18602549	2353583	1075098	185325	97479	63246	29941	63855	204368	28220
LT010012LU	14190753	2447593	1011213	167921	95467	87321	24512	87527	542761	41335
LT113077LL	14662491	2986361	1672818	234315	98606	67558	38692	53920	137959	40723
LT178307RU	16151475	3358840	1563704	254897	145494	116818	42434	149286	436616	62266
LT042988LU	13283241	3049618	1176268	252544	197885	143563	58451	324280	398138	69427
LT003990RU	14649509	2936231	1610373	299370	116888	61303	44067	55824	64111	74128
LT242420LU	14183164	2626909	1410751	253371	176383	156114	63891	131336	789853	49350
LT137431RL	19074068	2730522	1295512	164509	112942	78520	35811	79167	328295	24769
LT231373LU	17782483	2362928	911240	180682	157053	84281	28345	139526	792002	19430
LT046027RL	14100209	2697311	1587940	208201	125788	82486	42597	91682	782789	48161
LT211728RU	12891412	2553327	1677534	330357	186965	127776	85922	184752	431195	97252
LT157253RL	12543094	1706940	799725	206435	151225	187183	68008	262902	1142929	40589
LT024952RU	16787970	3010388	1597304	224823	132422	76504	33829	169378	457151	40964
LT058156LU	18227216	3699930	1432076	216678	95029	63077	25028	70410	164091	44289
LT145086RU	11748895	2458361	1172349	172608	142818	137560	47534	132069	605989	32506
LT294945LU	17844793	2537061	1009494	306700	145176	87081	40345	89247	491877	74949
LT046027RL_HiSeq	37666746	6907261	3864403	503922	306955	193917	106988	221250	1673258	128144
LT211728RU_HiSeq	30065153	5761067	3714938	744803	438669	286699	216592	442862	837833	239400
LT157253RL_HiSeq	33220032	4304453	2030987	512400	359706	449125	165428	668849	2555426	103915
LT024952RU_HiSeq	43395368	7415679	3792685	522902	314015	180960	83167	346231	754493	106131
LT185066RL_HiSeq	44070079	5042433	2596485	286251	132172	78588	45395	50116	68811	48234
LT291578RU_HiSeq	35886955	7144868	3334297	340755	196774	118847	61181	80637	110675	60527
LT201348LL	3441389	2496915	336438	38228	25726	39038	237246	86136	98972	10704
LT135390LL	2705440	820831	313716	25315	11776	9198	6148	8754	6141	6434
LT045346RU	2922443	1665352	341347	23678	19622	10461	9473	11778	19295	26769
LT163513RL	4366733	2604015	425601	63284	35324	43133	130515	75506	115073	18470
LT109097LL	2709181	991392	250468	22246	14986	12053	22774	19789	23057	6354
LT155982RU	3593011	1409848	364711	91068	20922	14245	15856	18641	17957	13192
LT131432RU	3710689	1602780	443610	44047	17882	12514	10866	10983	13992	9303
LT059975LU	3607224	2051895	302811	37646	20294	16040	28327	25103	35083	15248
LT156171LL	2858143	1095318	246337	26714	16907	26589	40031	22569	43558	9950
LT001600RL	2733117	725125	285008	31797	10649	8498	6353	9246	5678	6179
LT245084RU	3733674	1331029	326304	33394	20097	16729	16088	20367	31286	8552
LT275526RU	2333184	886673	238994	24647	11191	9244	7782	9201	11116	5057
LT175399RU	2615387	1227186	266871	23018	16855	16342	21850	20268	38727	7556
LT173946RL	2910743	1309572	260309	36767	17440	14301	27291	24416	26875	7094
LT156481LL	4104812	1889372	430447	38503	20719	15924	12011	14793	16303	21091
LT130350RU	2746314	1243642	314568	22675	15552	9119	5966	10705	7461	11640
LT038591LU	1602679	654138	174995	11873	9417	5469	8521	7504	12082	4212
LT093297LU	2826358	2066792	283123	35997	21184	26508	132738	45518	90790	10497
LT105618RL	2562601	1632959	251153	30587	32424	26996	139226	56583	84674	10373
LT025997RU	1411696	472615	112411	16055	8160	6936	4490	10219	9636	4595
LT046539RL	2917240	1300503	259984	30384	16272	14576	23218	28501	15486	7331
LT286056RU	3676126	1455358	354886	24307	18379	18266	24613	18454	24435	9645
LT020426LU	5284029	2093663	524689	33608	23011	13770	12079	14471	14991	12917
LT195011RL	3341695	783155	244203	21077	10650	7661	6342	7603	4242	6254
LT002501RL	4475042	1585047	410214	33508	16231	21507	17070	12481	11312	12125
LT081077RU	2687984	972801	326448	15119	15186	8597	8933	8763	9451	6543
LT000216LL	3161170	1317265	327630	25975	18951	19399	24665	23171	25841	8885
LT004173LL	3849983	844096	375412	25125	14775	9364	6677	7332	3709	7142
LT139649RU	2903389	1287430	289300	26313	16798	17051	22279	13101	29109	9433
LT081282RM	3231312	1441696	352174	22541	15316	10841	13506	10792	11753	8278
LT084406RU	3469365	1974183	304371	39796	35837	49816	87977	62208	90118	10463
LT192758RU	2235783	815097	208143	22361	14605	12547	9840	13234	15041	7141
LT287158LU	2731053	1591911	248901	28207	16288	22173	41523	23473	19327	7666
LT241811LL	3765118	1627122	358371	24536	19312	14172	11787	13091	16204	9937
LT233620RU	3806054	1348180	400090	22436	17543	9161	6313	10044	14457	10871
LT140046RU	3887763	1424827	373510	24789	19065	15035	10343	15015	14556	9634
LT236045LL	3336072	1922220	300445	31949	21408	31302	54730	27580	38554	9087
LT056301LL	3396849	1202770	388471	27050	19379	15788	19535	25747	20184	7819
LT280560LU	3805358	1519670	335073	30845	20324	23913	35389	19763	27010	11177
LT207073RU	3091605	881700	264939	22214	14213	9533	6648	7756	6952	6384
LT191020LI	6121827	3679178	799753	98948	44239	27840	46378	36613	74749	17484
LT030662LL	7310161	2554784	655536	73724	35146	30045	47397	33509	49382	16856
LT009099RL	6821260	4249277	673921	279412	80338	62574	166412	94047	329657	30881
LT075917RU	31713	3763	1036	396	308	128	139	154	131	56
LT147610LL	3382895	1600570	355947	27159	16512	12661	38602	22452	21539	7448
LT195484RU	7159	3366	1470	373	621	338	244	514	286	244
LT089723LL	6129881	2950726	625992	65975	32536	20570	26699	25895	32170	16716
LT082461RL	3278049	1293138	333620	26082	18002	16382	43007	22613	41705	8221
LT151920RL	5242554	2942622	564664	32652	27129	17003	29520	23544	49604	23624
LT203431RL	2840568	1822596	266535	40115	29384	33806	112434	102761	119350	12738
LT115840LL	2157810	1033263	228383	29714	16049	14254	19753	14874	30663	7794
LT005256RL	1315496	1005861	137510	20340	12730	15693	115316	39652	38790	5681
LT279828RU	1909922	1041642	189458	18825	10148	8895	17681	15648	17089	4086
LT162479RU	3039644	1275168	294124	25706	14204	11357	16102	18495	25346	7130
LT244399LU	2192018	685047	268352	17199	10196	6899	4019	6868	4600	5565
LT051993RU	1855852	796984	236817	14511	9110	6131	4392	7472	7672	6818
LT191675RL	1383286	775444	131876	12466	8661	8891	38469	13287	21665	3417
LT266817LL	1332763	629473	134069	9265	6052	5534	19056	11163	8049	2637
LT198741LU	1837375	626054	225063	19101	7921	5273	3305	4445	3615	4583
LT115251RU	2175329	1490347	180020	28923	18152	27268	139377	50669	76266	7765
LT245983LU	6955470	3001727	671417	44289	37301	46741	51984	37384	40157	19086
LT269763RL	10722737	2436779	760289	49582	27348	16198	18569	21724	11964	11265
LT263636RU	4485622	2401349	448697	38691	32634	37153	164648	48943	65275	16348
LT238531RU	5925432	4553212	625274	54017	31728	24416	41361	41373	32576	15566
LT155318RL	5735613	3231804	440667	38318	25827	43886	143843	86665	60038	11048
LT058319LU	151606	70733	16178	1207	1270	839	1019	1188	875	633
LT143944LL	540363	150787	50400	5163	2112	1487	1441	1962	1888	909
LT185970RL	1104150	485168	124024	5277	4557	2270	2088	3272	2397	2979
LT126767LL	2646444	1602096	341595	12321	45449	11444	29300	20870	46691	12175
LT013011LU	6319088	2066609	575551	37081	22314	17149	20771	16705	14576	13192
LT113005RU	4407226	1683687	404607	28458	26741	27129	68400	37118	36143	10991
LT181845RU	2598901	1080237	255078	43543	20272	18145	20155	28369	22854	10418
LT166240RM	8026920	4443975	815523	41468	26668	24740	66247	27830	38637	17335
LT099879RL	4231228	1616369	387047	26231	30976	29452	78356	33252	40212	7823
LT017495RL	5768953	2566938	591679	43866	28751	36882	49572	33384	46729	15172
LT231101RL	4005845	2047555	396618	32443	81620	55590	152495	88482	158335	14017
LT178929RL	4207008	932027	360012	31161	13928	10739	6615	9203	4601	8983
LT038075LL	3040586	1667020	464969	20173	18988	10541	8932	14070	10865	14130
LT080750LL	3125980	1140972	356170	25663	29328	16481	22586	21061	27890	8989
LT221510LU	3158264	2917286	405581	31940	25946	20139	22847	18255	26978	18366
LT002410RM	3367152	1238619	370007	30276	18186	17521	22111	21444	31191	8496
LT175949LL	2666244	1036916	292479	29818	10929	7732	5147	7677	5501	7630
LT190870RU	2792175	1066186	306223	27621	13312	12257	10284	10445	13042	7130
LT150340LU	2821245	959047	269210	23411	14483	19543	16106	14985	21355	5208
LT121928RL	2388393	519837	212809	24585	8214	6654	4699	8873	3881	5008
LT060406RL	1899108	864840	178674	27211	12456	16540	30035	21768	27391	6051
LT077264RU	3031639	1453561	264460	39833	17532	23200	46294	24471	27801	7721
LT136415RU	2499478	1383016	304442	25934	15995	14546	17826	17628	21906	8296
LT026534RL	3182681	1137167	328844	35252	15180	19228	23733	14958	27573	8257
LT282562RM	2889374	1428024	348965	24289	14913	8830	10205	10791	13300	6838
LT286300LU	3310186	1312708	372661	23475	13133	8380	6066	9666	6859	7185
LT284144LU	2315586	1114376	317022	23297	12631	8242	6483	7977	7767	12861
LT055841LL	3334205	1362707	353577	32188	18850	15850	14556	20463	25010	7255
LT053283RU	3174695	1331986	340882	24773	13109	13047	10586	8675	12639	8126
LT142159RU	2514705	1098707	267954	25508	12880	13001	15111	10664	11825	5123
LT154455RU	2683404	1163004	263383	28602	17455	22635	45703	29728	25271	7368
LT167891LU	2492641	1064258	229075	169516	42009	29032	46475	48188	87011	7931
LT043343LU	3023868	1357993	336919	28522	16086	15917	27048	16872	15750	7457
LT048637LL	2807868	830159	205743	25754	13180	11852	10789	18810	16885	5044
LT166565RU	2606859	1529306	288914	22664	13810	9318	7942	11831	16674	11806
LT127070RL	4380129	1224127	332124	29815	19202	10950	7779	9634	7069	10852
LT184347RU	2107821	1118851	177009	14533	13688	16549	29507	26741	24990	6454
LT253677RL	4291712	1385645	381445	49388	24540	21408	19213	22835	19515	11249
LT036383LL	4279881	1315541	357322	43052	24736	22406	37813	31525	20650	9489
LT295133LL	3506193	1381212	273467	31925	17838	22350	52611	40291	19528	8305
LT106561LL	5313927	1422101	582478	52472	25665	14077	10107	14381	6258	11872
LT256221LL	4106165	1146288	351434	24925	16196	8263	6532	11473	5492	11017
LT172093RL	1939586	739125	173550	12557	9846	6066	7558	10733	9123	4259
LT180102RL	4622449	1549415	420641	31663	23571	13584	14457	13755	13276	9763
LT196199RU	4770147	1857714	335172	41394	21414	21288	25392	22377	26155	15653
LT000379LU	5703217	1899305	555118	39371	28840	19827	23089	32569	21921	11535
LT058691LU	1892374	1028154	192754	15948	16363	10526	13337	13877	21098	14349
LT130546RU	3731577	1875134	401647	26327	39524	18234	35058	77925	50998	15382
LT206871LU	2832405	1191382	217526	21575	15900	13146	20916	21657	21559	4577
LT096430LU	850795	428817	75317	7375	5841	6890	13754	11392	9144	2428
LT144462RU	5214396	1784850	467430	44928	25256	22541	20314	20774	16948	10715
LT047152LL	8222208	2059323	741910	56499	32604	18735	13236	30540	10435	16443
LT109231RU	4206465	1847802	400003	31670	25418	17442	24136	28414	27332	10915
LT173597LL	4048404	1513737	369531	47406	34778	33107	49230	48623	36732	14849
LT285906LL	1714004	751112	157179	15692	6620	4425	4207	4784	2631	4020
LT075462RU	4461654	1893823	437833	34684	21336	19451	25148	13729	15351	11133
LT016556LU	3357339	1274066	333341	30675	14977	28315	47135	17844	16402	7441
LT171097RL	3668067	1527540	391084	30247	17581	11154	8472	10677	7663	10043
LT297451LU	3003302	1595666	282498	33415	16896	16992	27091	13796	11526	8156
LT120371LL	4681756	1387203	557719	37575	19993	11017	8570	10918	5901	11676
LT076421LL	2882903	1327333	308427	30794	19319	25137	55727	17093	19428	6647
LT285671LU	3470399	1815495	376869	46064	20862	16727	28571	15314	10801	8729
LT076617LL	2779987	1511728	247488	23375	19972	20738	41068	23467	22166	6500
LT236519LL	2474490	1221820	236953	27868	37796	51009	154872	63336	59060	9992
LT012861RU	3598038	1728511	370501	30730	14225	9306	11377	10897	5307	9624
LT196309RL	3734350	1602179	320201	36383	18013	19537	47714	15673	12056	6522
LT006946RM	3199533	1351625	401158	25149	14290	9644	10879	11982	10904	6552
LT007392RU	4662986	1323716	516685	28169	17866	30476	20849	11716	15696	8203
LT005419RU	3233431	1396521	394177	26506	19900	31085	50790	25133	24641	7248
LT206010LU	3617379	1781124	408852	21851	19874	10256	10183	8047	8825	9098
LT078347LL	2464906	1620705	231958	21238	15800	24901	85786	28803	22213	6037
LT213352LU	3632444	1781953	457986	31372	22315	16434	17732	13278	16018	9222
LT277811RL	2322593	1239787	232900	34729	28536	32830	101310	34613	25101	7500
LT071706RL	5449707	1244990	551154	49638	19867	11318	6989	11161	3869	9454
LT141224LL	3959948	1318704	453187	24188	15140	6428	4830	7256	3382	9358
LT248906LL	3903679	1016460	326291	37663	20957	16719	14502	17528	14749	9028
LT197511LU	3731457	1539769	333651	48490	27690	30638	30801	20809	30130	11991
LT242161RL	4031743	1533958	370736	44121	28422	24459	19315	25674	32731	11922
LT106519RL	4992447	1716338	389648	70471	43907	24638	31901	35647	69716	15160
LT0249481LU	1477064	497722	125512	14628	7472	5947	5834	5546	5564	3836
LT150981RU	2154993	1344096	185311	22107	18464	36348	94381	39618	48548	7592
LT180758RM	3854861	1775542	290187	34096	17541	19824	23373	21984	18501	7808
LT076181LI	5346117	1491895	494959	40074	29304	19033	14004	20379	26770	10576
LT062121LL	2726451	1190312	249701	32539	28991	35939	92867	47076	59877	7171
LT037710RU	2385621	988021	233972	23959	16639	14760	12775	13349	17734	7573
LT246994RU	3010541	1382328	254644	37395	26206	50511	60500	47276	60885	10567
LT165114RU	4840022	1361541	444478	49808	26204	17010	20653	19148	25142	12362
LT288719RL	5323411	1449464	479228	45029	30354	23765	19391	21529	30133	12397
LT280646RU	1254433	450357	126839	11387	5781	3437	3237	2745	2201	3130
LT012933RL	4593704	1330413	416728	58559	29759	36417	27849	25285	28386	13267
LT176510LU	653005	476671	46566	10611	8927	21473	145425	29877	23810	5019
LT032411RU	2853726	1895120	260182	29205	19194	35301	68934	24698	39424	7513
LT087826LL	4076440	2043228	421287	45389	45573	28168	42677	68194	41392	18089
LT118064RL	2438454	1162577	234760	24175	44694	39780	61637	42564	101828	8285
LT125521LL	3404436	930616	288540	119171	25940	14004	16110	21181	28537	7837
LT062141RL	865186	448191	106439	7490	5080	3689	6898	2757	6026	2417
LT030151RU	830029	504255	85841	7820	3916	3972	9439	3329	6467	1665
LT119682RL	1146456	396626	128397	8681	4825	3563	3340	2347	3040	3438
LT273284LL	630171	445319	61927	5466	5127	5397	22657	7329	11052	1645
LT233821RL	970402	301247	119805	6776	3507	2238	3867	2278	2143	1769
LT017811RM	732537	277644	73985	8571	4080	4135	6058	3276	5001	1813
LT108067RU	1055445	383870	130205	7538	4867	3017	2260	3021	4050	2294
LT089958RL	709336	317385	69065	8689	4512	4463	11003	3726	7308	1969
LT259072LU	736659	258484	84895	8379	3724	2754	2027	1945	2599	2241
LT166111RU	3850691	1234585	391993	79928	15448	11245	31189	12756	12200	7832
LT139691RU	5689308	2022822	599294	46924	24517	18617	17499	18612	25342	14082
LT096554LU	2473228	899525	310457	19764	9653	7232	8736	4562	4189	4882
LT017275LL	3650386	2872367	350611	33504	23446	35798	199124	41401	87705	8977
LT079487LL	4260873	2141962	449568	27104	18279	14781	43625	18458	25316	6721
LT142933RU	4406027	1805414	498003	27709	23377	14961	28859	14443	31100	14527
LT024857LU	3848410	2054077	355880	46798	25989	20592	73602	35574	45635	10519
LT222755RL	3916044	1807168	487459	39420	17765	12645	14228	9832	12886	10496
LT072789RU	2995301	1432434	272750	26163	17913	21491	93168	21970	44713	5914
LT197381LI	2035725	1266301	205208	20252	12185	12793	71674	26835	27386	6112
LT262371RM	4272137	1747836	468984	39459	24006	20048	44552	17985	31497	10996
LT264283RL	7345559	1891475	582265	59957	34337	22893	22932	28746	34102	13514
LT190004RU	3042015	1394308	248960	25707	17191	28581	105824	28584	46368	7651
LT045399RL	4339188	1693026	463906	51790	22740	22063	23319	21363	32259	10966
LT177521RU	2297654	984393	260446	16850	12669	7576	7294	5479	9920	6021
LT158795LL	4546292	2797315	501723	42759	41928	22887	29892	30809	57514	35850
LT083759RL	9043322	2287424	775710	79419	47796	27344	22704	22037	14675	21435
LT280851LL	3360109	1867811	306947	31928	26168	28830	60920	35998	71779	10140
LT235441RL	5649911	1994087	532932	38910	24877	17490	19813	15339	32220	10705
LT169564RU	3631990	1616918	264086	34831	15690	21968	45626	19578	28951	7558
LT126293RU	4634187	1430140	317474	22348	15277	8340	6287	7053	7854	9561
LT084808LU	5727975	2166529	573192	34830	25035	18075	13509	18160	23803	12684
LT191618LU	4139045	1590783	359966	34414	15129	9496	9134	9019	6539	9960
LT157856LU	5451596	2190763	690244	39465	37677	20731	17562	25064	15807	22015
LT055396LU	5321551	1768520	493190	47678	27483	18774	18659	15375	29799	11258
LT205707LL	5454019	1832034	397679	40344	22212	19951	27380	22573	22263	9680
LT028264RL	3379016	1468153	298343	24543	17662	19203	67203	21479	29984	7681
LT157177RU	3840672	1844553	429346	22790	25582	15040	42164	23755	39178	9415
LT059224RL	4435137	1605574	373984	47946	35613	26199	30787	36214	54810	12363
LT223106RU	3203191	1808032	321737	25474	19956	21901	53234	32047	34372	10844
LT251693LL	5528785	2220990	526091	48485	23828	19108	17799	17345	23355	13886
LT197821RL	4984442	2159444	413003	44831	30623	20426	20840	29603	35698	11300
LT277036RU	3206167	1301527	246983	37675	23894	42359	77118	38892	67938	8149
LT130603LL	732357	407639	72000	6353	7667	8476	13964	16994	24383	2591
LT013743LL	4508283	1738038	400349	96408	21023	13080	15894	26878	32689	13394
LT243794RL	3247936	1476500	295371	24903	25477	21713	30674	41990	58360	9839
LT184772RL	3045899	1794374	293334	33463	41453	22611	37699	69296	75700	15788
LT91552LL	4805541	1637039	424956	35625	21911	12815	10084	12471	15020	13245
LT122336LU	4775014	2198502	434565	41592	31932	18914	28013	38070	46781	14316
LT220968RU	5841693	2272047	612825	52481	29389	17777	14282	16515	14560	16589
LT141870LU	2166626	778681	175274	22066	11234	9970	13897	11755	12290	6192
LT069585RL	1053387	811528	94404	12824	11119	20459	66715	40190	30718	5020
LT168204LL	3968854	1792495	381364	30988	25628	20526	20544	26249	34966	10530
LT028044RU	4279554	1728257	381857	37231	25467	17113	25885	37731	33164	10952
LT077800RU	2964781	1523026	298884	29113	25863	21011	38457	37896	48385	7624
LT123313RM	2728814	1329171	194243	26735	16083	21967	81141	37452	28677	6310
LT296771LL	3779692	1131376	342828	34493	19103	13173	11073	15019	16858	10472
LT234205RL	5236519	2234540	382659	48816	34019	46382	76168	59505	74510	12824
LT066309LL	2930201	1121578	182655	27038	14720	22077	37375	26832	28763	5781
LT111643RU	1912372	770492	151169	16757	9732	9636	18079	10070	12570	5552
LT184901RU	1007640	513124	96026	9317	8060	18043	27456	23085	24801	3197
LT072387LU	4798214	2005648	623408	45263	23051	12800	12001	13814	12102	13145
LT258372RL	4484020	2185183	491490	40915	39709	42177	110143	46055	67462	14124
LT230415RU	2627512	1149029	301608	24686	12896	7902	7121	6129	5025	5786
LT203446LL	4057482	2056330	424805	38154	23936	16874	28691	20146	24823	10516
LT044225RL	4799314	2017469	487083	37316	25665	21117	51724	28369	21297	8373
LT253371RL	7090413	3661858	754625	74146	38890	36942	109355	51508	41967	14350
LT095342LU	6081003	1791048	479820	43607	19853	12412	16073	14536	10963	8328
LT067200LU	3497229	1247700	314010	84042	18495	13582	29779	18742	16220	8962
LT041389RL	1817084	694055	231537	14698	8941	6292	6855	6019	6408	4133
LT121014LL	3573050	1661854	404113	28106	18050	12901	12596	10316	14434	12523
LT213735RU	3650875	1938638	377149	32989	17137	15155	56127	17708	12218	6811
LT024967LU	4335358	2393151	512227	43076	39760	34644	138003	47679	53730	12069
LT271100LU	4385014	1597387	433848	46749	24225	17886	20176	15607	18118	9954
LT021461RM	2568280	1690987	236553	23173	18651	24485	107775	32972	30841	8075
LT063974LL	5114801	1996104	490283	38726	32295	20322	28097	20905	35754	9369
LT286644RL	4639487	2278578	527371	44803	22342	17258	34931	23680	18808	9816
LT056024RL	6088242	2544234	771729	53993	24503	16692	23822	17136	10288	15697
LT102131RL	1994083	713639	167828	27579	22253	17332	35248	26749	34656	5597
LT028427LU	3889116	2034995	454754	42478	24071	20757	42174	20788	19965	10076
LT205601LL	712553	416351	76263	8197	4628	6070	21337	7636	5260	1621
LT221782LL	2973638	998885	263842	29248	16313	14532	18074	20515	12205	7865
LT139051LU	6793530	2232552	562213	54932	29885	22509	22589	29145	23709	23610
LT131887LL	3794701	1107138	279080	29938	17984	11232	23557	18342	13741	6944
LT043798LU	1601915	879604	123273	19568	10224	15347	53430	21672	31985	4033
LT100654RL	1936242	799164	173845	16768	10423	11079	20965	12170	22687	4931
LT230142RL	4802704	1924584	506652	45707	27336	18228	18185	15946	27810	15911
LT216500LU	2969677	1712081	302069	37692	25546	17844	36159	29814	50123	8085
LT001098RU	3415875	1170187	345950	25315	19495	10528	11666	13717	23693	5602
LT021748RL	2380676	842526	214871	20994	15198	16807	20518	15689	16758	5200
LT243058RU	4127175	2006605	349169	40967	22335	17217	13661	15039	24533	17794
LT196677RU	3440558	1325720	367027	24786	16156	10780	8943	8467	11815	9025
LT269381RU	2236349	939015	209803	20659	16066	20467	64180	23718	38229	7360
LT222702LL	3978689	1536364	336337	425517	29440	23793	36890	45032	67145	12129
LT178967RL	2361209	1067744	222767	28129	20005	18928	62541	25846	40771	7994
LT022251RL	4176137	1546603	498429	26996	19131	8747	8647	8166	3685	8369
LT282601LL	2336888	872710	252366	19544	11597	7758	6073	9512	8981	6942
LT270821RU	2377574	1217508	231274	26525	21456	12951	16203	16863	34832	7723
LT152653LU	1548194	842842	166270	15312	9604	8562	16650	15052	21131	4333
LT249811RU	3133932	1898001	318003	38301	20392	15697	17646	19813	25342	11244
LT090666LI	1672220	585346	108887	21521	9167	6994	5348	7204	9702	4289
LT274443LU	3358054	2072159	412539	35966	22224	13598	12873	14163	9208	20498
LT059721LU	3367635	805129	262478	27915	14747	14204	10643	13334	9978	6726
LT228772LL	3919487	1639920	271206	34511	23033	37768	46494	32254	31186	11937
LT160089RU	1628995	509222	134699	11796	9194	5994	7918	9479	8148	3527
LT084038RM	4062750	1888379	347352	38640	27183	25289	36437	39317	29373	11991
LT217339RL	2874619	1000203	256353	22890	14488	9166	7989	8740	7148	8643
LT253131RU	2590647	1074883	204743	22824	14909	14471	17537	19197	12739	6906
LT236557RL	2463272	1174925	214697	24514	19864	38258	46459	37333	41683	7018
LT118519RL	2837289	642968	218436	20136	11065	6034	5422	6924	2962	5764
LT123131RL	2673263	791008	254302	30060	13510	9820	8916	9915	4723	9360
LT134776LL	2283469	877642	199339	25228	13690	12505	11851	12988	13694	6210
LT147658RU	2567338	945829	224625	19313	12793	7727	6399	8784	8894	6432
LT199987LU	2288858	982424	225844	30110	19493	22377	31490	22031	22234	6523
LT168094RL	2986701	970864	283794	30673	29698	24601	108589	39659	48502	12095
LT050246RU	2576221	918217	220558	36753	15037	9098	7823	13667	9225	9126
LT046103LU	1486454	681576	133820	12744	14872	31076	80386	28142	28771	4428
LT022562LL	6967124	1900528	665796	67809	35721	23830	14299	26828	27181	18298
LT112597RU	4653125	1677881	353679	43258	27709	19672	14804	18335	21215	12646
LT290677RU	2141002	757182	137686	18473	8861	7766	8046	6456	5602	5177
LT264690LU	2745089	725949	213689	29867	12005	9185	7213	8336	6449	6693
LT100821RL	2643668	2011473	418223	23545	23709	14633	30388	23781	24560	12458
LT184423LL	2665858	734514	292292	16307	10621	6508	4301	6451	6336	5552
LT188161LL	2775933	849804	282794	54381	16542	15213	16094	14927	16802	7910
LT148377LU	2083870	975556	248103	17523	12550	10976	11244	9603	18512	7821
LT089451RU	1006177	1053417	114239	13654	12842	28644	111085	47631	73682	6847
LT070403LL	2010802	852847	206892	16811	12415	14547	28647	14206	33041	5572
LT244824RU	1825985	922968	145387	14495	8590	13677	22354	15149	24382	4349
LT158647RU	2710604	1060193	227327	19354	11304	10183	13244	9799	12767	6694
LT195522RU	3286901	1528810	334303	19156	18433	11837	18238	11236	31245	8646
LT111916LL	857873	493991	111157	8104	10279	7298	25959	20192	28594	3407
LT059865RU	2683849	1442974	269288	35935	21369	17348	37488	29455	32121	10046
LT265662LU	3491019	1559552	391021	21511	16719	9671	8368	11437	13587	8023
LT102695LL	2787215	767567	305682	20461	12428	9001	6297	8852	7859	6162
LT083491LU	3702244	1105689	415873	23950	20873	14978	24795	13698	26369	10545
LT229669RU	2869177	1533224	243365	25178	14791	13855	33047	18506	25554	6092
LT234774LU	2971857	1265099	249773	85971	16678	18929	38399	26861	30338	8246
LT128262RU	901153	1193345	81668	12806	9384	18140	101628	52626	40304	3901
LT107185RU	2389222	1291506	221992	20173	15180	20489	52780	20440	63384	6100
LT144769RL	3136357	1300198	286528	29685	14510	11925	15677	13415	15095	8010
LT019699RL	1568703	983687	152149	15979	11140	16512	54956	27084	37451	5633
LT125521LL-2	2568518	1509826	244965	135402	20914	13498	112535	28371	55267	5264
LT159988RL	3063512	2058423	287752	38897	19401	22980	125845	52479	72534	9951
LT119300LU	2204897	1137599	221193	30295	19304	22134	72124	28597	55377	5852
LT126327LU	4260469	1366082	431863	31488	19821	17311	20680	17009	26586	8498
LT228897LL	1832995	640626	171556	13807	12484	9480	19177	11249	19968	4053
LT112491RM	4384167	1756021	470650	55669	31948	29578	24419	24913	37115	15078
LT134719RU	1725468	1468632	179685	24930	23044	22392	65130	38525	61777	5629
LT238765RL	1303510	615761	133126	12378	10246	9861	12109	15160	22676	3913
LT128191LL	3884019	1198829	398560	25249	17762	13988	11464	12987	16289	12127
LT221983RM	1926725	1088081	206577	16883	15527	15457	37886	23385	42761	5508
LT211455LU	3248591	1233625	298181	65441	20349	20180	25073	25966	26977	9695
LT174536LU	1063624	862165	80820	13189	7391	19762	79967	26616	31763	5040
LT203541RU	3158919	960963	338677	35197	17664	23276	17447	16252	26464	8162
LT195192RL	2470329	1266144	204186	21887	12416	13632	54211	26248	27797	6140
LT056464LL	3050341	704441	239654	21813	10901	7957	6729	7265	5484	5537
LT271679LU	1859659	854805	160698	16377	6961	6420	13216	7027	5876	4663
LT212777RU	2383531	969845	213580	15245	10663	9035	12685	10313	12432	6665
LT299181LU	3331145	1151443	269768	30603	17709	14713	17697	21206	19938	9861
LT145196LU	442385	371871	40023	4978	5408	9348	61583	19227	38220	2238
LT167906LL	2701122	1190233	257701	17712	17528	9133	18597	18929	9454	8366
