Freq_COPD	Freq_Control	p-value	FDR
MI0000077_MIMAT0000076	0.0062999047688814	0.0795755968169761	1.56024029238765e-21	4.041022357284e-19
MI0017450_MIMAT0019982	0	0.0636604774535809	9.72923232622008e-39	5.039742344982e-36
MI0000477_MIMAT0000449	0.0024906600249066	0.0583554376657825	1.41207299019286e-20	2.43817936306634e-18
MI0015825_MIMAT0016847	0.0028569335579811	0.0424403183023873	6.17963604691191e-13	4.57293067471481e-11
MI0003129_MIMAT0002809	0.0008058017727639	0.0318302387267905	1.23647482507043e-13	1.06748993231081e-11
MI0000458_MIMAT0000434	0.0002930188264596	0.0318302387267905	1.97325387939659e-16	2.55536377381859e-14
MI0003685_MIMAT0003339	0.0015383488389129	0.0291777188328912	3.55237140057574e-10	1.67284398681658e-08
MI0000088_MIMAT0000088	0.0141381583766757	0.026525198938992	0.0732823996446943	0.564638352922673
MI0000786_MIMAT0000731	7.32547066149e-05	0.026525198938992	1.87715784915818e-15	1.94473553172787e-13
MI0000803_MIMAT0004693	0.0017581129587576	0.0212201591511936	1.51029460401419e-06	6.51943837399457e-05
MI0000786_MIMAT0000732	0.0027104241447513	0.0212201591511936	2.2805957591728e-05	0.000656304779584174
MI0016902_MIMAT0019074	0.0041755182770493	0.0185676392572944	0.00159335903322156	0.0250109084608718
MI0000083_MIMAT0000082	7.32547066149e-05	0.0185676392572944	7.49345438507372e-11	3.88160937146819e-09
MI0000750_MIMAT0000082	7.32547066149e-05	0.0185676392572944	7.49345438507372e-11	3.88160937146819e-09
MI0001448_MIMAT0003393	0	0.0185676392572944	9.58821332138926e-12	6.20836812559955e-10
MI0000465_MIMAT0000440	0.0009523111859937	0.0159151193633952	7.30262819782263e-06	0.000270197243319437
MI0000300_MIMAT0004570	0.0009523111859937	0.0159151193633952	7.30262819782263e-06	0.000270197243319437
MI0005530_MIMAT0002881	0.0149439601494396	0.013262599469496	1	1
MI0005717_MIMAT0002881	0.0149439601494396	0.013262599469496	1	1
MI0003196_MIMAT0002881	0.0149439601494396	0.013262599469496	1	1
MI0000088_MIMAT0000087	0.0076184894879496	0.013262599469496	0.220624508771026	1
MI0019115_MIMAT0022258	0.0071057065416453	0.013262599469496	0.201437139241757	1
MI0005568_MIMAT0004958	0.0011720753058384	0.013262599469496	0.000194708977030116	0.00438518478702608
MI0003836_MIMAT0003888	0.001465094132298	0.013262599469496	0.000465338460655693	0.00911203223748056
MI0000282_MIMAT0000263	0.0015383488389129	0.0106100795755968	0.00415249262023294	0.0553835899931707
MI0000268_MIMAT0000255	0.0008058017727639	0.0106100795755968	0.00055394661557697	0.010248012388174
MI0000742_MIMAT0000685	0.0069591971284155	0.00795755968169761	0.748359504370399	1
MI0000254_MIMAT0004550	0.009523111859937	0.00795755968169761	1	1
MI0000434_MIMAT0000415	0.0019046223719874	0.00795755968169761	0.0419968951448964	0.35662937188617
MI0000811_MIMAT0004699	0.0054208482895026	0.00795755968169761	0.464396370443116	1
MI0000458_MIMAT0000433	0.0017581129587576	0.00795755968169761	0.0349561135879757	0.306902827772397
MI0000109_MIMAT0000101	0.0003662735330745	0.00795755968169761	0.00097521554405042	0.0157863016193162
MI0000108_MIMAT0000101	0.0005127829463043	0.00795755968169761	0.00200758773959966	0.0305861896797831
MI0000805_MIMAT0004694	0.0008058017727639	0.00795755968169761	0.00562210985577636	0.0696475378354161
MI0017308_MIMAT0019761	0.0002197641198447	0.00795755968169761	0.00036258432342435	0.00751274718135254
MI0005763_MIMAT0004984	0.0006592923595341	0.00795755968169761	0.00353626065272201	0.0495076491381081
MI0005766_MIMAT0004984	0.0006592923595341	0.00795755968169761	0.00353626065272201	0.0495076491381081
MI0005765_MIMAT0004984	0.0006592923595341	0.00795755968169761	0.00353626065272201	0.0495076491381081
MI0000805_MIMAT0000753	0.003662735330745	0.00795755968169761	0.17019325271043	0.95546947392845
MI0003684_MIMAT0003338	0.0001465094132298	0.00795755968169761	0.000184982132557549	0.00435548839385503
MI0000455_MIMAT0000430	7.32547066149e-05	0.00795755968169761	7.55009021732657e-05	0.00195547336628758
MI0016756_MIMAT0018932	0	0.00795755968169761	1.9260434227874e-05	0.000586876760590512
MI0000476_MIMAT0000430	0	0.00795755968169761	1.9260434227874e-05	0.000586876760590512
MI0000263_MIMAT0004553	0	0.00795755968169761	1.9260434227874e-05	0.000586876760590512
MI0003132_MIMAT0003161	0.0083510365540986	0.00530503978779841	0.772627399698623	1
MI0001648_MIMAT0001541	0.0236612702366127	0.00530503978779841	0.0136789056986806	0.154036372867751
MI0003823_MIMAT0010251	0.0235880155299978	0.00530503978779841	0.0136268758138399	0.154036372867751
MI0000285_MIMAT0000266	0.0169950919346568	0.00530503978779841	0.0985799481056616	0.677029053299562
MI0000743_MIMAT0004677	0.0173613654677313	0.00530503978779841	0.100755448720284	0.677029053299562
MI0000743_MIMAT0000686	0.0103289136327009	0.00530503978779841	0.596479223553516	1
MI0003184_MIMAT0002871	0.0019778770786023	0.00530503978779841	0.182609030731499	0.95546947392845
MI0005544_MIMAT0004928	0.0067394330085708	0.00530503978779841	1	1
MI0000681_MIMAT0000646	0.0037359900373599	0.00530503978779841	0.654163625360568	1
MI0000479_MIMAT0000451	0.0043220276902791	0.00530503978779841	0.680006007034964	1
MI0000108_MIMAT0009196	0.0002930188264596	0.00530503978779841	0.0100582431272248	0.118412953179601
MI0003840_MIMAT0018926	0.0002197641198447	0.00530503978779841	0.0068263568592913	0.0822337872816952
MI0000482_MIMAT0004611	0.0001465094132298	0.00530503978779841	0.00416980696859779	0.0553835899931707
MI0016749_MIMAT0018926	0	0.00530503978779841	0.000720391601280427	0.0120375112730084
MI0000749_MIMAT0000692	0	0.00530503978779841	0.000720391601280427	0.0120375112730084
MI0003684_MIMAT0022711	0	0.00530503978779841	0.000720391601280427	0.0120375112730084
MI0000446_MIMAT0004592	0.0116474983517691	0.0026525198938992	0.135464731109113	0.825538008406125
MI0003629_MIMAT0003284	0.0041755182770493	0.0026525198938992	1	1
MI0000814_MIMAT0000763	0.0010255658926086	0.0026525198938992	0.33558289572843	1
MI0000457_MIMAT0000432	0.0005127829463043	0.0026525198938992	0.195870995877005	0.985059959847462
MI0003678_MIMAT0003332	0.0027104241447513	0.0026525198938992	1	1
MI0000273_MIMAT0000261	0.0054208482895026	0.0026525198938992	0.724941799993345	1
MI0003560_MIMAT0003218	0.02197641198447	0.0026525198938992	0.00564709766233104	0.0696475378354161
MI0000459_MIMAT0000435	0.0034429712109003	0.0026525198938992	1	1
MI0000449_MIMAT0000426	0.0068859424218006	0.0026525198938992	0.523480321495332	1
MI0017343_MIMAT0019814	0.0005127829463043	0.0026525198938992	0.195870995877005	0.985059959847462
MI0000085_MIMAT0004501	0.0331843820965497	0.0026525198938992	8.75952819420517e-05	0.00216068362123728
MI0003556_MIMAT0003214	0.0003662735330745	0.0026525198938992	0.150820642803251	0.887785147410043
MI0000271_MIMAT0000258	0.0057871218225771	0.0026525198938992	0.726673875119515	1
MI0005565_MIMAT0004954	0.0006592923595341	0.0026525198938992	0.2385373569926	1
MI0000255_MIMAT0004551	0.0009523111859937	0.0026525198938992	0.317214834695184	1
MI0000101_MIMAT0000097	0.0002930188264596	0.0026525198938992	0.127360242857246	0.785388164286352
MI0000479_MIMAT0004610	0.0026371694381364	0.0026525198938992	1	1
MI0000813_MIMAT0000762	0.0002197641198447	0.0026525198938992	0.103253465657655	0.677029053299562
MI0000471_MIMAT0000445	0.0042487729836642	0.0026525198938992	1	1
MI0001150_MIMAT0001080	7.32547066149e-05	0.0026525198938992	0.0530292519687225	0.429205508121847
MI0014197_MIMAT0015041	0.0032232070910556	0.0026525198938992	1	1
MI0017432_MIMAT0019952	0.0003662735330745	0.0026525198938992	0.150820642803251	0.887785147410043
MI0003593_MIMAT0003251	0.0005860376529192	0.0026525198938992	0.21749415098074	1
MI0003612_MIMAT0003251	0.0005860376529192	0.0026525198938992	0.21749415098074	1
MI0003815_MIMAT0005797	0.0005860376529192	0.0026525198938992	0.21749415098074	1
MI0001733_MIMAT0001635	0.0003662735330745	0.0026525198938992	0.150820642803251	0.887785147410043
MI0003598_MIMAT0003251	0.0005127829463043	0.0026525198938992	0.195870995877005	0.985059959847462
MI0000081_MIMAT0004497	0.0001465094132298	0.0026525198938992	0.0784825509853909	0.564638352922673
MI0019295_MIMAT0022482	0.0002197641198447	0.0026525198938992	0.103253465657655	0.677029053299562
MI0000764_MIMAT0000707	7.32547066149e-05	0.0026525198938992	0.0530292519687225	0.429205508121847
MI0003123_MIMAT0004763	0.0002197641198447	0.0026525198938992	0.103253465657655	0.677029053299562
MI0000816_MIMAT0004703	0.0004395282396894	0.0026525198938992	0.173651952007585	0.95546947392845
MI0003601_MIMAT0004800	0.0001465094132298	0.0026525198938992	0.0784825509853909	0.564638352922673
MI0003600_MIMAT0004800	0.0001465094132298	0.0026525198938992	0.0784825509853909	0.564638352922673
MI0002467_MIMAT0002173	0.0001465094132298	0.0026525198938992	0.0784825509853909	0.564638352922673
MI0000762_MIMAT0004683	7.32547066149e-05	0.0026525198938992	0.0530292519687225	0.429205508121847
MI0017290_MIMAT0019731	0	0.0026525198938992	0.0268748217850014	0.24001996007984
MI0016078_MIMAT0018101	0	0.0026525198938992	0.0268748217850014	0.24001996007984
MI0003642_MIMAT0004809	0	0.0026525198938992	0.0268748217850014	0.24001996007984
MI0005562_MIMAT0004951	0	0.0026525198938992	0.0268748217850014	0.24001996007984
MI0003667_MIMAT0003322	0	0.0026525198938992	0.0268748217850014	0.24001996007984
MI0006384_MIMAT0005901	0	0.0026525198938992	0.0268748217850014	0.24001996007984
MI0000101_MIMAT0004511	0	0.0026525198938992	0.0268748217850014	0.24001996007984
MI0009986_MIMAT0009451	0	0.0026525198938992	0.0268748217850014	0.24001996007984
MI0000091_MIMAT0004506	0	0.0026525198938992	0.0268748217850014	0.24001996007984
MI0005524_MIMAT0004902	0.0064464141821112	0	0.178426868645964	0.95546947392845
MI0000782_MIMAT0004688	0.0004395282396894	0	1	1
MI0000282_MIMAT0004563	0.0026371694381364	0	1	1
MI0000242_MIMAT0000232	0.0026371694381364	0	1	1
MI0000281_MIMAT0000232	0.0026371694381364	0	1	1
MI0003529_MIMAT0000729	0.0024174053182917	0	1	1
MI0000784_MIMAT0000729	0.0024174053182917	0	1	1
MI0000290_MIMAT0004564	0.0027836788513662	0	0.626794524143486	1
MI0000474_MIMAT0000447	0.004395282396894	0	0.412602740212897	1
MI0003132_MIMAT0002813	0.0018313676653725	0	1	1
MI0000242_MIMAT0000231	0.0024906600249066	0	1	1
MI0000281_MIMAT0000231	0.0024906600249066	0	1	1
MI0003676_MIMAT0004814	0.0079847630210241	0	0.124214048683751	0.775215388170877
MI0000472_MIMAT0000446	0.0038824994505897	0	0.405568301943283	1
MI0001735_MIMAT0001639	0.0055673577027324	0	0.273121374833265	1
MI0000472_MIMAT0004604	0.0006592923595341	0	1	1
MI0003133_MIMAT0002814	0.0019778770786023	0	1	1
MI0003135_MIMAT0002817	0.0023441506116768	0	1	1
MI0000290_MIMAT0000271	0.0017581129587576	0	1	1
MI0000806_MIMAT0000754	0.0002930188264596	0	1	1
MI0001721_MIMAT0001625	0.0078382536077943	0	0.122077430795942	0.775215388170877
MI0000790_MIMAT0000737	0.0013185847190682	0	1	1
MI0002471_MIMAT0002178	0.0057138671159622	0	0.276538700948165	1
MI0000787_MIMAT0004690	0.000732547066149	0	1	1
MI0002465_MIMAT0002171	0.0062266500622665	0	0.176628995036142	0.95546947392845
MI0003675_MIMAT0003329	0.002197641198447	0	1	1
MI0000789_MIMAT0000736	0.0019046223719874	0	1	1
MI0000785_MIMAT0000730	0.0018313676653725	0	1	1
MI0003676_MIMAT0003330	0.0113544795253095	0	0.0234449762054685	0.24001996007984
MI0000776_MIMAT0000720	0.0006592923595341	0	1	1
MI0000744_MIMAT0002890	0.0027836788513662	0	0.626794524143486	1
MI0000812_MIMAT0004700	0.006592923595341	0	0.180286660995243	0.95546947392845
MI0003646_MIMAT0004811	0.0030034429712109	0	0.628935172559728	1
MI0006444_MIMAT0005951	0.0039557541572046	0	0.405889364749773	1
MI0000748_MIMAT0004680	0.0016848582521427	0	1	1
MI0000542_MIMAT0000510	0.0016848582521427	0	1	1
MI0000825_MIMAT0000772	0.0027836788513662	0	0.626794524143486	1
MI0006313_MIMAT0005577	0.0011720753058384	0	1	1
MI0000748_MIMAT0000691	0.0030766976778258	0	0.630103107268316	1
MI0000288_MIMAT0000269	0.0062999047688814	0	0.177092855723534	0.95546947392845
MI0005762_MIMAT0004983	0.0002930188264596	0	1	1
MI0003581_MIMAT0003239	0.0013918394256831	0	1	1
MI0000469_MIMAT0004602	0.0018313676653725	0	1	1
MI0000078_MIMAT0000077	0.0026371694381364	0	1	1
MI0000447_MIMAT0000424	0.0017581129587576	0	1	1
MI0003760_MIMAT0004819	0.0044685371035089	0	0.414443011107537	1
MI0001445_MIMAT0004748	0.0010255658926086	0	1	1
MI0000727_MIMAT0000424	0.0022708959050619	0	1	1
MI0001445_MIMAT0001340	0.0003662735330745	0	1	1
MI0000483_MIMAT0000456	0.0005127829463043	0	1	1
MI0002468_MIMAT0002174	0.0019778770786023	0	1	1
MI0000441_MIMAT0000420	0.0010255658926086	0	1	1
MI0001735_MIMAT0001638	0.0087173100871731	0	0.0800445202521517	0.567987143707049
MI0000785_MIMAT0004689	0.0027836788513662	0	0.626794524143486	1
MI0000098_MIMAT0000095	0.0043220276902791	0	0.410955333567627	1
MI0000089_MIMAT0004504	0.0008790564793788	0	1	1
MI0003844_MIMAT0022838	0.0122335360046883	0	0.0251472239166329	0.24001996007984
MI0002469_MIMAT0002175	0.0112079701120797	0	0.0376050779651522	0.324657173099147
MI0005540_MIMAT0004921	0.0018313676653725	0	1	1
MI0000790_MIMAT0022697	0.0013185847190682	0	1	1
MI0000744_MIMAT0000687	0.0001465094132298	0	1	1
MI0003530_MIMAT0003180	0.0010988205992235	0	1	1
MI0003757_MIMAT0003879	0.0012453300124533	0	1	1
MI0005563_MIMAT0004952	0.0072522159548751	0	0.117278600645174	0.759378939177504
MI0003675_MIMAT0004813	0.0032232070910556	0	0.633045334399214	1
MI0002469_MIMAT0002176	0.0030766976778258	0	0.630103107268316	1
MI0003677_MIMAT0003331	0.0003662735330745	0	1	1
MI0003628_MIMAT0003283	0.0064464141821112	0	0.178426868645964	0.95546947392845
MI0000475_MIMAT0004606	0.0002197641198447	0	1	1
MI0000777_MIMAT0001621	0.0038092447439748	0	0.405498017115607	1
MI0000778_MIMAT0000722	0.0060801406490367	0	0.176119629278656	0.95546947392845
MI0001721_MIMAT0004757	0.003662735330745	0	0.645925884919015	1
MI0001726_MIMAT0001629	0.0009523111859937	0	1	1
MI0001725_MIMAT0001629	0.0009523111859937	0	1	1
MI0000806_MIMAT0004695	0.002197641198447	0	1	1
MI0005545_MIMAT0004929	0.0282763167533514	0	4.00898623275956e-05	0.0010929762466155
MI0003673_MIMAT0003327	0.0245403267159915	0	0.000205679896023947	0.00443925775585018
MI0016760_MIMAT0019232	0.022708959050619	0	0.000474951487281805	0.00911203223748056
MI0010629_MIMAT0010133	0.0089370742070178	0	0.0819142045870975	0.573399432109683
MI0000742_MIMAT0004676	0.0125998095377628	0	0.0157867597292204	0.173990245526301
MI0000089_MIMAT0000089	0.0035162259175152	0	0.641038917315406	1
MI0003186_MIMAT0002873	0.0005127829463043	0	1	1
MI0003560_MIMAT0004792	0.0053475935828877	0	0.269203349084828	1
MI0000650_MIMAT0000617	0.0009523111859937	0	1	1
MI0000342_MIMAT0004571	0.001465094132298	0	1	1
MI0000811_MIMAT0000759	0.0002197641198447	0	1	1
MI0000060_MIMAT0004481	0.0001465094132298	0	1	1
MI0000062_MIMAT0004481	0.0001465094132298	0	1	1
MI0000272_MIMAT0000259	0.0066661783019559	0	0.181407789962776	0.95546947392845
MI0000071_MIMAT0000071	0.0004395282396894	0	1	1
MI0000082_MIMAT0000081	0.0006592923595341	0	1	1
MI0000489_MIMAT0000461	0.0013185847190682	0	1	1
MI0000095_MIMAT0000093	0.0003662735330745	0	1	1
MI0000273_MIMAT0004560	0.0047615559299685	0	0.423582855657302	1
MI0000079_MIMAT0004496	0.0155299978023588	0	0.00476949356817933	0.0617649417079223
MI0000482_MIMAT0000455	0.0004395282396894	0	1	1
MI0000734_MIMAT0004672	0.0002930188264596	0	1	1
MI0017369_MIMAT0019856	0.0003662735330745	0	1	1
MI0003591_MIMAT0003249	0.0004395282396894	0	1	1
MI0003198_MIMAT0002883	0.0037359900373599	0	0.648559276320061	1
MI0003200_MIMAT0002883	0.0037359900373599	0	0.648559276320061	1
MI0003199_MIMAT0002883	0.0037359900373599	0	0.648559276320061	1
MI0000810_MIMAT0004698	0.0039557541572046	0	0.405889364749773	1
MI0000810_MIMAT0000758	0.0041022635704344	0	0.407248934691367	1
MI0000457_MIMAT0004598	0.0008790564793788	0	1	1
MI0000238_MIMAT0000226	0.0027104241447513	0	0.626580282833921	1
MI0000279_MIMAT0000226	0.0016848582521427	0	1	1
MI0003185_MIMAT0004774	0.0009523111859937	0	1	1
MI0000298_MIMAT0004568	7.32547066149e-05	0	1	1
MI0000438_MIMAT0004586	0.0005127829463043	0	1	1
MI0017421_MIMAT0019935	7.32547066149e-05	0	1	1
MI0000448_MIMAT0000425	0.0006592923595341	0	1	1
MI0000449_MIMAT0004594	0.0079115083144092	0	0.123100647002308	0.775215388170877
MI0000288_MIMAT0022695	0.0082045271408688	0	0.0780943693234598	0.564638352922673
MI0000268_MIMAT0004557	0.0002930188264596	0	1	1
MI0000067_MIMAT0004486	0.0003662735330745	0	1	1
MI0003195_MIMAT0002880	0.0068859424218006	0	0.185507894781723	0.960930894969327
MI0000253_MIMAT0000243	0.0025639147315215	0	1	1
MI0000480_MIMAT0000452	0.0019046223719874	0	1	1
MI0000812_MIMAT0000760	0.0008790564793788	0	1	1
MI0000115_MIMAT0004518	0.0002930188264596	0	1	1
MI0006371_MIMAT0022720	0.0005127829463043	0	1	1
MI0003205_MIMAT0002888	0.0005127829463043	0	1	1
MI0016004_MIMAT0017992	0.0024174053182917	0	1	1
MI0002470_MIMAT0004762	7.32547066149e-05	0	1	1
MI0000114_MIMAT0000104	0.0002197641198447	0	1	1
MI0000071_MIMAT0000070	0.0001465094132298	0	1	1
MI0005531_MIMAT0004909	0.0010255658926086	0	1	1
MI0003137_MIMAT0002819	0.0022708959050619	0	1	1
MI0014228_MIMAT0015066	0.0008058017727639	0	1	1
MI0006382_MIMAT0022721	0.0008058017727639	0	1	1
MI0011284_MIMAT0017352	0.0032232070910556	0	0.633045334399214	1
MI0003639_MIMAT0004808	0.0081312724342539	0	0.078099589196124	0.564638352922673
MI0003657_MIMAT0003312	7.32547066149e-05	0	1	1
MI0017418_MIMAT0019931	0.0013185847190682	0	1	1
MI0000078_MIMAT0004495	0.0013918394256831	0	1	1
MI0000077_MIMAT0004494	0.0032232070910556	0	0.633045334399214	1
MI0003639_MIMAT0003294	0.0004395282396894	0	1	1
MI0000465_MIMAT0001618	0.0001465094132298	0	1	1
MI0006430_MIMAT0005799	0.0002197641198447	0	1	1
MI0003832_MIMAT0005799	0.0002197641198447	0	1	1
MI0016899_MIMAT0019071	0.0001465094132298	0	1	1
MI0003167_MIMAT0002859	7.32547066149e-05	0	1	1
MI0005561_MIMAT0004949	0.0028569335579811	0	0.627267682585093	1
MI0000061_MIMAT0010195	0.0002197641198447	0	1	1
MI0000102_MIMAT0004512	0.0026371694381364	0	1	1
MI0005560_MIMAT0004947	0.0002930188264596	0	1	1
MI0000107_MIMAT0000100	0.0008058017727639	0	1	1
MI0000105_MIMAT0000100	0.0008058017727639	0	1	1
MI0000269_MIMAT0004558	0.0010255658926086	0	1	1
MI0000292_MIMAT0000273	0.0002930188264596	0	1	1
MI0000283_MIMAT0000264	0.0004395282396894	0	1	1
MI0000737_MIMAT0001620	0.0008058017727639	0	1	1
MI0000342_MIMAT0000318	0.0003662735330745	0	1	1
MI0000807_MIMAT0000755	0.0018313676653725	0	1	1
MI0006443_MIMAT0022726	0.0001465094132298	0	1	1
MI0000255_MIMAT0000245	0.0032232070910556	0	0.633045334399214	1
MI0000814_MIMAT0004701	0.0020511317852172	0	1	1
MI0000808_MIMAT0000756	0.0005860376529192	0	1	1
MI0014228_MIMAT0015378	0.0019778770786023	0	1	1
MI0000294_MIMAT0000275	0.0010988205992235	0	1	1
MI0000295_MIMAT0000275	0.0011720753058384	0	1	1
MI0000739_MIMAT0000099	0.0005860376529192	0	1	1
MI0000103_MIMAT0000099	0.0005127829463043	0	1	1
MI0000470_MIMAT0004603	0.0008058017727639	0	1	1
MI0000284_MIMAT0000265	0.000732547066149	0	1	1
MI0000440_MIMAT0004588	0.0010988205992235	0	1	1
MI0006444_MIMAT0022727	0.0002930188264596	0	1	1
MI0000434_MIMAT0004585	0.0010988205992235	0	1	1
MI0003139_MIMAT0002821	0.0013185847190682	0	1	1
MI0003780_MIMAT0005794	7.32547066149e-05	0	1	1
MI0000264_MIMAT0000252	0.0016848582521427	0	1	1
MI0000265_MIMAT0000252	0.0015383488389129	0	1	1
MI0014187_MIMAT0015032	0.0004395282396894	0	1	1
MI0014186_MIMAT0015032	0.0004395282396894	0	1	1
MI0003820_MIMAT0003885	7.32547066149e-05	0	1	1
MI0016005_MIMAT0017994	0.0002930188264596	0	1	1
MI0000115_MIMAT0000069	0.0001465094132298	0	1	1
MI0000070_MIMAT0000069	0.0001465094132298	0	1	1
MI0000094_MIMAT0000092	0.0016848582521427	0	1	1
MI0000093_MIMAT0000092	0.0015383488389129	0	1	1
MI0005559_MIMAT0004945	0.0009523111859937	0	1	1
MI0000086_MIMAT0004502	7.32547066149e-05	0	1	1
MI0000470_MIMAT0000423	0.000732547066149	0	1	1
MI0000446_MIMAT0000423	0.000732547066149	0	1	1
MI0000760_MIMAT0004682	0.0009523111859937	0	1	1
MI0006415_MIMAT0005929	0.005860376529192	0	0.280559554188064	1
MI0000809_MIMAT0000757	0.0002930188264596	0	1	1
MI0000478_MIMAT0000450	0.0012453300124533	0	1	1
MI0000777_MIMAT0000721	7.32547066149e-05	0	1	1
MI0006388_MIMAT0005905	0.0004395282396894	0	1	1
MI0016747_MIMAT0005905	0.0004395282396894	0	1	1
MI0000451_MIMAT0000427	0.0009523111859937	0	1	1
MI0000450_MIMAT0000427	0.0010255658926086	0	1	1
MI0000263_MIMAT0000252	0.0015383488389129	0	1	1
MI0003601_MIMAT0003257	0.0004395282396894	0	1	1
MI0003762_MIMAT0003257	0.0004395282396894	0	1	1
MI0003600_MIMAT0003257	0.0004395282396894	0	1	1
MI0000087_MIMAT0000086	0.0004395282396894	0	1	1
MI0019134_MIMAT0022272	0.0010988205992235	0	1	1
MI0000300_MIMAT0000280	0.0009523111859937	0	1	1
MI0005756_MIMAT0004977	0.0002930188264596	0	1	1
MI0003643_MIMAT0004810	0.0012453300124533	0	1	1
MI0003178_MIMAT0002869	0.0028569335579811	0	0.627267682585093	1
MI0003182_MIMAT0002869	0.0028569335579811	0	0.627267682585093	1
MI0001641_MIMAT0001536	0.0003662735330745	0	1	1
MI0001723_MIMAT0001627	0.0023441506116768	0	1	1
MI0000433_MIMAT0000414	0.0002197641198447	0	1	1
MI0000809_MIMAT0004697	0.0008790564793788	0	1	1
MI0019280_MIMAT0022468	0.0024906600249066	0	1	1
MI0014248_MIMAT0015084	0.0002930188264596	0	1	1
MI0005532_MIMAT0004911	0.002197641198447	0	1	1
MI0014208_MIMAT0015051	0.0005127829463043	0	1	1
MI0006356_MIMAT0005884	0.000732547066149	0	1	1
MI0003666_MIMAT0003321	7.32547066149e-05	0	1	1
MI0016003_MIMAT0017990	0.0002197641198447	0	1	1
MI0000271_MIMAT0004559	0.0015383488389129	0	1	1
MI0006273_MIMAT0005825	0.0052743388762728	0	0.268237284949666	1
MI0003584_MIMAT0003242	0.0081312724342539	0	0.078099589196124	0.564638352922673
MI0006403_MIMAT0005920	0.0005860376529192	0	1	1
MI0000253_MIMAT0004549	0.0026371694381364	0	1	1
MI0003778_MIMAT0005793	0.0002197641198447	0	1	1
MI0008191_MIMAT0005793	0.0002197641198447	0	1	1
MI0003821_MIMAT0005798	0.0002930188264596	0	1	1
MI0003844_MIMAT0005798	0.0002930188264596	0	1	1
MI0003180_MIMAT0004770	0.0016848582521427	0	1	1
MI0003181_MIMAT0004770	0.0016848582521427	0	1	1
MI0000066_MIMAT0000066	7.32547066149e-05	0	1	1
MI0000762_MIMAT0000705	0.0016848582521427	0	1	1
MI0016413_MIMAT0018183	0.0002197641198447	0	1	1
MI0005767_MIMAT0004985	0.0001465094132298	0	1	1
MI0003839_MIMAT0005792	0.0030766976778258	0	0.630103107268316	1
MI0003776_MIMAT0005792	0.0026371694381364	0	1	1
MI0008192_MIMAT0006764	0.0002197641198447	0	1	1
MI0000822_MIMAT0000770	0.0035894806241301	0	0.643416157198946	1
MI0000464_MIMAT0000439	0.0005860376529192	0	1	1
MI0000463_MIMAT0000439	0.0005860376529192	0	1	1
MI0000090_MIMAT0004505	0.0005127829463043	0	1	1
MI0003760_MIMAT0003880	0.0002197641198447	0	1	1
MI0017393_MIMAT0019892	0.001465094132298	0	1	1
MI0000084_MIMAT0000083	0.0001465094132298	0	1	1
MI0001733_MIMAT0001636	0.0016116035455278	0	1	1
MI0003599_MIMAT0004799	0.0023441506116768	0	1	1
MI0000234_MIMAT0000222	0.0003662735330745	0	1	1
MI0000816_MIMAT0000765	0.0010255658926086	0	1	1
MI0019137_MIMAT0022277	7.32547066149e-05	0	1	1
MI0001518_MIMAT0001412	0.0005127829463043	0	1	1
MI0000294_MIMAT0004565	0.0001465094132298	0	1	1
MI0003127_MIMAT0002808	0.0008058017727639	0	1	1
MI0003128_MIMAT0002808	0.0008058017727639	0	1	1
MI0003667_MIMAT0022709	0.0002197641198447	0	1	1
MI0003177_MIMAT0002868	0.0004395282396894	0	1	1
MI0000471_MIMAT0000444	0.0002197641198447	0	1	1
MI0000299_MIMAT0004569	0.0024906600249066	0	1	1
MI0000070_MIMAT0004489	0.0005127829463043	0	1	1
MI0003190_MIMAT0002876	0.0003662735330745	0	1	1
MI0014141_MIMAT0014987	7.32547066149e-05	0	1	1
MI0016429_MIMAT0018197	0.0066661783019559	0	0.181407789962776	0.95546947392845
MI0010635_MIMAT0011161	0.0002197641198447	0	1	1
MI0014206_MIMAT0015050	0.0001465094132298	0	1	1
MI0000802_MIMAT0000750	0.0008790564793788	0	1	1
MI0000802_MIMAT0004692	0.0002930188264596	0	1	1
MI0000650_MIMAT0004657	0.0013185847190682	0	1	1
MI0000736_MIMAT0004674	0.0002930188264596	0	1	1
MI0015873_MIMAT0016895	7.32547066149e-05	0	1	1
MI0006442_MIMAT0005949	7.32547066149e-05	0	1	1
MI0000261_MIMAT0004552	0.0001465094132298	0	1	1
MI0001446_MIMAT0001341	7.32547066149e-05	0	1	1
MI0000488_MIMAT0000460	0.0002930188264596	0	1	1
MI0003125_MIMAT0002806	0.0003662735330745	0	1	1
MI0000452_MIMAT0000428	0.0002197641198447	0	1	1
MI0000453_MIMAT0000428	0.0002197641198447	0	1	1
MI0006437_MIMAT0005946	0.0028569335579811	0	0.627267682585093	1
MI0006382_MIMAT0005899	0.0025639147315215	0	1	1
MI0019116_MIMAT0022259	0.0002930188264596	0	1	1
MI0006654_MIMAT0005954	0.0019778770786023	0	1	1
MI0003138_MIMAT0004768	0.0003662735330745	0	1	1
MI0016436_MIMAT0018204	0.0001465094132298	0	1	1
MI0002466_MIMAT0002172	0.0002197641198447	0	1	1
MI0000460_MIMAT0000436	0.0002930188264596	0	1	1
MI0003646_MIMAT0003301	7.32547066149e-05	0	1	1
MI0000462_MIMAT0000438	0.0003662735330745	0	1	1
MI0000085_MIMAT0000084	0.0006592923595341	0	1	1
MI0003186_MIMAT0004775	0.0004395282396894	0	1	1
MI0016011_MIMAT0018001	0.0001465094132298	0	1	1
MI0000289_MIMAT0000256	0.0009523111859937	0	1	1
MI0000269_MIMAT0000256	0.0009523111859937	0	1	1
MI0014167_MIMAT0015012	7.32547066149e-05	0	1	1
MI0003205_MIMAT0004780	0.0001465094132298	0	1	1
MI0001446_MIMAT0004749	0.0019046223719874	0	1	1
MI0000289_MIMAT0000270	0.0005860376529192	0	1	1
MI0000750_MIMAT0004681	7.32547066149e-05	0	1	1
MI0016053_MIMAT0018073	7.32547066149e-05	0	1	1
MI0000433_MIMAT0004584	7.32547066149e-05	0	1	1
MI0000484_MIMAT0004613	0.000732547066149	0	1	1
MI0000091_MIMAT0000091	7.32547066149e-05	0	1	1
MI0010633_MIMAT0011157	0.0002930188264596	0	1	1
MI0003513_MIMAT0003150	7.32547066149e-05	0	1	1
MI0000072_MIMAT0000072	0.0002930188264596	0	1	1
MI0016004_MIMAT0017993	7.32547066149e-05	0	1	1
MI0003686_MIMAT0003389	0.0004395282396894	0	1	1
MI0005543_MIMAT0004927	0.000732547066149	0	1	1
MI0003185_MIMAT0002872	0.0002930188264596	0	1	1
MI0005769_MIMAT0004987	0.0001465094132298	0	1	1
MI0001519_MIMAT0001413	0.0001465094132298	0	1	1
MI0003129_MIMAT0004766	0.0003662735330745	0	1	1
MI0000737_MIMAT0000682	0.0004395282396894	0	1	1
MI0005416_MIMAT0006790	0.0003662735330745	0	1	1
MI0014249_MIMAT0015085	0.0005127829463043	0	1	1
MI0000252_MIMAT0000242	0.0001465094132298	0	1	1
MI0000473_MIMAT0000242	0.0001465094132298	0	1	1
MI0000461_MIMAT0000437	7.32547066149e-05	0	1	1
MI0016089_MIMAT0018116	7.32547066149e-05	0	1	1
MI0017447_MIMAT0018116	0.0001465094132298	0	1	1
MI0006350_MIMAT0005879	7.32547066149e-05	0	1	1
MI0006351_MIMAT0005879	7.32547066149e-05	0	1	1
MI0000270_MIMAT0022692	0.0002930188264596	0	1	1
MI0001729_MIMAT0001631	7.32547066149e-05	0	1	1
MI0000460_MIMAT0004600	0.0002930188264596	0	1	1
MI0005564_MIMAT0004953	7.32547066149e-05	0	1	1
MI0000270_MIMAT0000257	0.0002197641198447	0	1	1
MI0000683_MIMAT0000257	0.0002197641198447	0	1	1
MI0000266_MIMAT0004555	0.0002197641198447	0	1	1
MI0016077_MIMAT0018100	7.32547066149e-05	0	1	1
MI0000072_MIMAT0002891	7.32547066149e-05	0	1	1
MI0000489_MIMAT0004615	7.32547066149e-05	0	1	1
MI0005543_MIMAT0004926	7.32547066149e-05	0	1	1
MI0017980_MIMAT0021083	0.0002197641198447	0	1	1
MI0000735_MIMAT0004673	7.32547066149e-05	0	1	1
MI0003575_MIMAT0003233	0.000732547066149	0	1	1
MI0016851_MIMAT0019024	7.32547066149e-05	0	1	1
MI0000095_MIMAT0004509	0.0002197641198447	0	1	1
MI0000732_MIMAT0000460	7.32547066149e-05	0	1	1
MI0003188_MIMAT0002874	0.0001465094132298	0	1	1
MI0017336_MIMAT0019802	7.32547066149e-05	0	1	1
MI0000075_MIMAT0000074	7.32547066149e-05	0	1	1
MI0000074_MIMAT0000074	7.32547066149e-05	0	1	1
MI0016746_MIMAT0005919	0.0005860376529192	0	1	1
MI0006402_MIMAT0005919	0.0005860376529192	0	1	1
MI0003184_MIMAT0004773	7.32547066149e-05	0	1	1
MI0000105_MIMAT0004514	0.000732547066149	0	1	1
MI0003820_MIMAT0003884	0.0002930188264596	0	1	1
MI0000267_MIMAT0004556	0.0002197641198447	0	1	1
MI0016786_MIMAT0018961	0.0001465094132298	0	1	1
MI0000769_MIMAT0022833	7.32547066149e-05	0	1	1
MI0003134_MIMAT0002816	0.0004395282396894	0	1	1
MI0000076_MIMAT0004493	7.32547066149e-05	0	1	1
MI0006344_MIMAT0005874	0.0003662735330745	0	1	1
MI0000437_MIMAT0000416	0.0001465094132298	0	1	1
MI0000093_MIMAT0004507	0.0003662735330745	0	1	1
MI0016872_MIMAT0019045	0.0002930188264596	0	1	1
MI0017438_MIMAT0019963	0.0001465094132298	0	1	1
MI0000484_MIMAT0000457	0.0002197641198447	0	1	1
MI0000783_MIMAT0000728	7.32547066149e-05	0	1	1
MI0000266_MIMAT0000253	7.32547066149e-05	0	1	1
MI0000459_MIMAT0004599	0.0001465094132298	0	1	1
MI0016007_MIMAT0017997	0.0008058017727639	0	1	1
MI0003172_MIMAT0002859	0.0001465094132298	0	1	1
MI0000475_MIMAT0000448	7.32547066149e-05	0	1	1
MI0000090_MIMAT0000090	7.32547066149e-05	0	1	1
MI0003516_MIMAT0004785	7.32547066149e-05	0	1	1
MI0015903_MIMAT0016925	7.32547066149e-05	0	1	1
MI0000100_MIMAT0000096	0.0002197641198447	0	1	1
MI0003656_MIMAT0003311	7.32547066149e-05	0	1	1
MI0000084_MIMAT0004500	0.0001465094132298	0	1	1
MI0017867_MIMAT0021022	7.32547066149e-05	0	1	1
MI0014235_MIMAT0022839	7.32547066149e-05	0	1	1
MI0000296_MIMAT0004567	0.0002197641198447	0	1	1
MI0016597_MIMAT0018356	7.32547066149e-05	0	1	1
MI0008190_MIMAT0006764	0.0002930188264596	0	1	1
MI0000267_MIMAT0000254	7.32547066149e-05	0	1	1
MI0003124_MIMAT0002805	0.0001465094132298	0	1	1
MI0002470_MIMAT0002177	0.0002197641198447	0	1	1
MI0000782_MIMAT0000727	0.0002197641198447	0	1	1
MI0000064_MIMAT0000064	7.32547066149e-05	0	1	1
MI0003610_MIMAT0003266	0.0002197641198447	0	1	1
MI0015995_MIMAT0017981	0.0001465094132298	0	1	1
MI0000438_MIMAT0000417	7.32547066149e-05	0	1	1
MI0017426_MIMAT0019943	7.32547066149e-05	0	1	1
MI0000439_MIMAT0000418	7.32547066149e-05	0	1	1
MI0000481_MIMAT0000454	7.32547066149e-05	0	1	1
MI0000069_MIMAT0000068	7.32547066149e-05	0	1	1
MI0000813_MIMAT0000761	0.0001465094132298	0	1	1
MI0000747_MIMAT0004679	7.32547066149e-05	0	1	1
MI0000468_MIMAT0000441	0.0002930188264596	0	1	1
MI0000467_MIMAT0000441	0.0002930188264596	0	1	1
MI0000466_MIMAT0000441	0.0002930188264596	0	1	1
MI0016887_MIMAT0019058	7.32547066149e-05	0	1	1
MI0003583_MIMAT0003241	7.32547066149e-05	0	1	1
MI0000261_MIMAT0000250	7.32547066149e-05	0	1	1
MI0000745_MIMAT0000688	7.32547066149e-05	0	1	1
MI0003187_MIMAT0001545	0.0001465094132298	0	1	1
MI0001652_MIMAT0001545	0.0001465094132298	0	1	1
MI0000301_MIMAT0000281	7.32547066149e-05	0	1	1
MI0003679_MIMAT0003333	7.32547066149e-05	0	1	1
MI0015873_MIMAT0017950	7.32547066149e-05	0	1	1
MI0000734_MIMAT0000680	7.32547066149e-05	0	1	1
MI0000441_MIMAT0004589	0.0002197641198447	0	1	1
MI0019302_MIMAT0022488	7.32547066149e-05	0	1	1
MI0000651_MIMAT0000416	0.0001465094132298	0	1	1
MI0000456_MIMAT0004597	7.32547066149e-05	0	1	1
MI0000076_MIMAT0000075	7.32547066149e-05	0	1	1
MI0014185_MIMAT0019210	0.0001465094132298	0	1	1
MI0014130_MIMAT0014979	7.32547066149e-05	0	1	1
MI0003589_MIMAT0004797	0.0001465094132298	0	1	1
MI0005566_MIMAT0004956	7.32547066149e-05	0	1	1
MI0019134_MIMAT0022271	7.32547066149e-05	0	1	1
MI0016684_MIMAT0018443	0.0001465094132298	0	1	1
MI0016438_MIMAT0018205	0.0001465094132298	0	1	1
MI0017365_MIMAT0019850	0.0001465094132298	0	1	1
MI0006394_MIMAT0005911	7.32547066149e-05	0	1	1
MI0003130_MIMAT0002810	0.0001465094132298	0	1	1
MI0003674_MIMAT0003328	7.32547066149e-05	0	1	1
