ID	Total_Reads	Reads_Minus_Adapters	Reads_after_size_selection	Reads_aligned	Mirna_Reads	Trim_Read_Len_JS	Trim_Read_Len_Rel_JS	Trim_Read_Len_JS_Cluster	Align_Read_Len_JS	Align_Read_Len_Rel_JS	Align_Read_Len_JS_Cluster	Flow_Cell	Lane	Index
LT187987LL	24289362	23104174	21777116	18621072	13026104	0.0997364562513074	-0.000353577811075478	1	0.0511089732681398	-0.000524224722356248	1	100804_HWUSI-EAS1671_0006_61DM7AAXX	1	NA
LT166493RM	25268350	24270461	23120202	20344329	16129407	0.0998679474832826	-0.000222086579100278	1	0.0513278921390012	-0.000305305851494797	1	100804_HWUSI-EAS1671_0006_61DM7AAXX	2	NA
LT109321RL	24580035	23960621	23745575	20466995	16706674	0.0997829268592891	-0.000307107203093793	1	0.0514087788440623	-0.000224419146433785	1	100804_HWUSI-EAS1671_0006_61DM7AAXX	3	NA
LT104717LL	24533037	22846938	22178482	20434451	16694022	0.0997695729474155	-0.000320461114967419	1	0.0513576424780215	-0.00027555551247449	1	100804_HWUSI-EAS1671_0006_61DM7AAXX	5	NA
LT185066RL	26337131	22560927	20506396	18963167	15616857	0.0996199047633741	-0.000470129299008804	1	0.0512507910536646	-0.000382406936831448	1	100804_HWUSI-EAS1671_0006_61DM7AAXX	6	NA
LT291578RU	25768359	24284820	22213918	19501527	16037339	0.0998771485668706	-0.000212885495512349	1	0.0514789601412564	-0.000154237849239625	1	100804_HWUSI-EAS1671_0006_61DM7AAXX	7	NA
LT075094LU	26005922	24598770	23430590	21515764	15821455	0.0996615833755614	-0.000428450686821513	1	0.0510855778258272	-0.000547620164668805	1	100804_HWUSI-EAS1671_0006_61DM7AAXX	8	NA
LT051568RU	22572449	20873193	19624367	16632493	13349821	0.100052316702276	-3.77173601067149e-05	1	0.0515848762548154	-4.83217356805898e-05	1	100825_HWUSI-EAS1671_0007_61DKJAAXX	1	NA
LT194990RU	21901957	20499163	19193576	17208385	14509114	0.100024739615673	-6.52944467094407e-05	1	0.0515865717865422	-4.66262039537924e-05	1	100825_HWUSI-EAS1671_0007_61DKJAAXX	2	NA
LT132314LI	23930923	21697021	20291266	17460901	12780291	0.0999468039732725	-0.000143230089110435	1	0.0514027325681992	-0.000230465422296877	1	100825_HWUSI-EAS1671_0007_61DKJAAXX	3	NA
LT030041RU	24617171	22954403	21565110	16746906	11774688	0.0998667138675366	-0.000223320194846277	1	0.0512510979167839	-0.000382100073712088	1	100825_HWUSI-EAS1671_0007_61DKJAAXX	5	NA
LT125775RL	23338022	22792909	22541577	20632664	16882049	0.0997117255617317	-0.000378308500651237	1	0.0513644292235902	-0.000268768766905847	1	100825_HWUSI-EAS1671_0007_61DKJAAXX	6	NA
LT055745RU	23986850	22691239	22015005	18811626	15399913	0.100021348511897	-6.86855504858919e-05	1	0.0515951932507852	-3.80047397108285e-05	1	100825_HWUSI-EAS1671_0007_61DKJAAXX	7	NA
LT148286LL	22834831	22028173	21666054	18391017	15224980	0.0999609690731509	-0.000129064989232042	1	0.0515325122478465	-0.000100685742649542	1	100825_HWUSI-EAS1671_0007_61DKJAAXX	8	NA
LT219681RL	24913252	23387281	22024880	19314203	15807484	0.100057848799333	-3.21852630498221e-05	1	0.0515373249815336	-9.58730089624105e-05	1	100830_HWUSI-EAS1671_0008_61DHAAAXX	1	NA
LT009615LU	25307165	24718311	23858056	18332298	14195361	0.0998641261273101	-0.000225907935072822	1	0.0514759484134475	-0.000157249577048546	1	100830_HWUSI-EAS1671_0008_61DHAAAXX	2	NA
LT132625RU	24885076	23768668	22372565	19052215	13546613	0.0999826322132042	-0.000107401849178679	1	0.0513029290125135	-0.000330268977982495	1	100830_HWUSI-EAS1671_0008_61DHAAAXX	3	NA
LT106997RU	21356853	19916289	16883434	13703866	10761280	0.0998010424942044	-0.00028899156817852	1	0.0515280258391719	-0.000105172151324107	1	100830_HWUSI-EAS1671_0008_61DHAAAXX	5	NA
LT265199LU	24921396	23569404	22414520	17559859	13850043	0.099947167283862	-0.000142866778520823	1	0.0515450760050289	-8.81219854671489e-05	1	100830_HWUSI-EAS1671_0008_61DHAAAXX	6	NA
LT282467LL	25883346	24245834	22789540	19183508	14760052	0.0999944230524648	-9.56110099181728e-05	1	0.0514752575537789	-0.00015794043671713	1	100830_HWUSI-EAS1671_0008_61DHAAAXX	7	NA
LT152979LL	26047833	24480372	23423262	18758837	13751565	0.0998616927147564	-0.000228341347626504	1	0.0512893693618133	-0.000343828628682763	1	100830_HWUSI-EAS1671_0008_61DHAAAXX	8	NA
LT010491LL	23985173	22564204	19857685	17544968	12944746	0.0998314935526827	-0.0002585405097002	1	0.051410862599572	-0.000222335390924089	1	100910_HWUSI-EAS1671_0009_61DHLAAXX	7	NA
LT235584LU	25082178	23461770	20595689	18087506	13620799	0.0998527523937631	-0.000237281668619804	1	0.0514528407310382	-0.000180357259457864	1	100910_HWUSI-EAS1671_0009_61DHLAAXX	8	NA
LT023631RU	22430182	20827185	19212702	15589359	12063603	0.0999048302760674	-0.00018520378631548	1	0.0514274382259812	-0.000205759764514868	1	100917_HWUSI-EAS1671_0010_61DM9AAXX	8	NA
LT262496LU	26575569	25906241	24431085	22027959	18955335	0.0999349555122646	-0.000155078550118315	1	0.0514790312106965	-0.000154166779799514	1	101001_HWUSI-EAS1671_00012_FC_62M1GAAXX	1	NA
LT126571RU	26780993	25701310	23502459	21048712	17270520	0.100056733899355	-3.33001630279384e-05	1	0.0515716465017539	-6.15514887420954e-05	1	101001_HWUSI-EAS1671_00012_FC_62M1GAAXX	2	NA
LT056627RU	30685534	28605116	25109610	21764453	16082590	0.0998770390569734	-0.0002129950054095	1	0.0513728842066719	-0.000260313783824184	1	101001_HWUSI-EAS1671_00012_FC_62M1GAAXX	3	NA
LT100984RL	30659682	27453332	23592139	19817560	13896711	0.0996192013748018	-0.00047083268758108	1	0.0512987599060502	-0.000334438084445887	1	101001_HWUSI-EAS1671_00012_FC_62M1GAAXX	5	NA
LT168219RL	28862858	27284156	24800150	17294077	12134792	0.0997574067882523	-0.000332627274130637	1	0.0512685533624808	-0.00036464462801522	1	101001_HWUSI-EAS1671_00012_FC_62M1GAAXX	6	NA
LT092669LU	28467981	27458657	25174085	22703664	19193830	0.0999363796593382	-0.000153654403044712	1	0.0514893844858351	-0.000143813504660972	1	101001_HWUSI-EAS1671_00012_FC_62M1GAAXX	7	NA
LT010012LU	27557990	25649932	21624274	18696403	15379187	0.0997137966270856	-0.000376237435297355	1	0.0515598805405439	-7.33174499520928e-05	1	101001_HWUSI-EAS1671_00012_FC_62M1GAAXX	8	NA
LT113077LL	27567231	25827155	22944672	19993443	16697537	0.0999558430727534	-0.000134190989629523	1	0.0516002150953396	-3.29828951564082e-05	1	101006_HWUSI-EAS1671_00013_FC_62M1HAAXX	1	NA
LT178307RU	29864002	28775270	26768825	22281830	17700698	0.100045255755365	-4.47783070178787e-05	1	0.0515538304608856	-7.93675296104634e-05	1	101006_HWUSI-EAS1671_00013_FC_62M1HAAXX	2	NA
LT042988LU	28782865	26857824	24307396	18953415	13925440	0.0999618135367548	-0.000128220525628109	1	0.0514868783276121	-0.00014631966288392	1	101006_HWUSI-EAS1671_00013_FC_62M1HAAXX	3	NA
LT003990RU	28230934	26330671	22286208	19911804	16627752	0.099863287039482	-0.000226747022900931	1	0.0516142623806788	-1.893560981725e-05	1	101006_HWUSI-EAS1671_00013_FC_62M1HAAXX	5	NA
LT242420LU	29621170	28443482	26627914	19841122	14505677	0.0999253585464217	-0.000164675515961221	1	0.0514558982916626	-0.0001772996988334	1	101006_HWUSI-EAS1671_00013_FC_62M1HAAXX	6	NA
LT137431RL	28960523	28318084	27511719	23924115	20000637	0.0998759095057586	-0.000214124556624284	1	0.0514438374167654	-0.000189360573730646	1	101006_HWUSI-EAS1671_00013_FC_62M1HAAXX	7	NA
LT231373LU	29032597	27983059	26871794	22457970	17736529	0.0998105929919912	-0.000279441070391684	1	0.0512880009386953	-0.000345197051800694	1	101006_HWUSI-EAS1671_00013_FC_62M1HAAXX	8	NA
LT046027RL	28120312	26634089	23838431	19767164	16082277	0.0999402549401456	-0.000149779122237348	1	0.0515479048114065	-8.52931790895628e-05	1	101013_HWUSI-EAS1671_00014_FC_62M1PAAXX	1	NA
LT211728RU	29773847	27088000	23184105	18566492	14078360	0.0999160285654725	-0.000174005496910379	1	0.0515801370873332	-5.3060903162816e-05	1	101013_HWUSI-EAS1671_00014_FC_62M1PAAXX	2	NA
LT157253RL	27774485	27073403	26261272	17109030	11176784	0.0996265626100863	-0.000463471452296638	1	0.051106783629624	-0.000526414360872085	1	101013_HWUSI-EAS1671_00014_FC_62M1PAAXX	3	NA
LT024952RU	28328262	27293663	25852762	22530733	18375698	0.100067272398097	-2.27616642862749e-05	1	0.051542149313387	-9.10486771090735e-05	1	101013_HWUSI-EAS1671_00014_FC_62M1PAAXX	5	NA
LT058156LU	27957798	27313878	26368506	24037824	21088521	0.100002952792457	-8.70812699256263e-05	1	0.0515744510780958	-5.87469124002649e-05	1	101013_HWUSI-EAS1671_00014_FC_62M1PAAXX	6	NA
LT145086RU	26889476	26132646	23839217	16650689	13402523	0.0997657679090138	-0.000324266153369113	1	0.0514893964539502	-0.000143801536545807	1	101013_HWUSI-EAS1671_00014_FC_62M1PAAXX	7	NA
LT294945LU	28781090	27707619	25889049	22626723	18167424	0.10009267295295	2.63889056695277e-06	1	0.0515496777914422	-8.3520199053888e-05	1	101013_HWUSI-EAS1671_00014_FC_62M1PAAXX	8	NA
LT046027RL_HiSeq	75103765	70319809	62939635	51572844	42312973	0.0999317534392818	-0.000158280623101081	1	0.0515542179312463	-7.8980059249778e-05	1	101119_SN350_0004_B80KEMABXX	1	NA
LT211728RU_HiSeq	72322283	64422584	54356456	42748016	32405758	0.0998751441921928	-0.000214889870190138	1	0.0515902385647449	-4.29594257511656e-05	1	101119_SN350_0004_B80KEMABXX	2	NA
LT157253RL_HiSeq	75612169	73596757	71565487	44370321	29558979	0.0995785183185292	-0.000511515743853774	1	0.051171119299013	-0.00046207869148307	1	101119_SN350_0004_B80KEMABXX	3	NA
LT024952RU_HiSeq	73359553	70113676	66402603	56911631	46966874	0.100069848885674	-2.01851767087646e-05	1	0.0515598680780127	-7.3329912483322e-05	1	101119_SN350_0004_B80KEMABXX	5	NA
LT185066RL_HiSeq	76251118	63965492	57763523	52418564	44118324	0.0997580418516182	-0.000331992210764742	1	0.0514060786840609	-0.000227119306435153	1	101119_SN350_0004_B80KEMABXX	6	NA
LT291578RU_HiSeq	66336168	62355603	56681435	47335516	40640862	0.0999585885600034	-0.000131445502379535	1	0.0515607060914771	-7.24918990189227e-05	1	101119_SN350_0004_B80KEMABXX	7	NA
LT201348LL	13095249	13055614	12633150	6810792	4918865	0.0996291749539222	-0.000460859108460721	1	0.0514429475556302	-0.000190250434865868	2	110705_SN350_0045_B81ND1ABXX	1	CGATGT
LT135390LL	4693894	4659228	4352514	3913753	3501908	0.100186522104328	9.64880419447312e-05	1	0.0516991332825543	6.59352920582279e-05	3	110705_SN350_0045_B81ND1ABXX	1	TAGCTT
LT045346RU	6181172	6140662	5891748	5050218	4429890	0.100271125602759	0.000181091540375711	1	0.0517112685715082	7.80705810121685e-05	3	110705_SN350_0045_B81ND1ABXX	1	CAGATC
LT163513RL	14374222	14337741	13711277	7877654	6083794	0.0999073512099056	-0.000182682852477356	1	0.0516466734402625	1.34754497664868e-05	3	110705_SN350_0045_B81ND1ABXX	1	GCCAAT
LT109097LL	5388110	5353410	5107068	4072300	3479835	0.10032619095276	0.000236156890377259	1	0.0517483599801305	0.00011516198963446	3	110705_SN350_0045_B81ND1ABXX	1	TGACCA
LT155982RU	7359529	7318949	6868396	5559451	4789828	0.100297028353949	0.000206994291566343	1	0.051745622819517	0.000112424829020963	3	110705_SN350_0045_B81ND1ABXX	1	TTAGGC
LT131432RU	6941973	6906077	6507649	5876666	5216046	0.100226749135602	0.000136715073218774	1	0.0517297124241607	9.65144336646517e-05	3	110705_SN350_0045_B81ND1ABXX	1	ACTTGA
LT059975LU	8328971	8291756	7985995	6139671	5261049	0.100301829004142	0.000211794941759269	1	0.0517360506111433	0.000102852620647242	3	110705_SN350_0045_B81ND1ABXX	1	ACAGTG
LT156171LL	6867672	6826222	6496702	4386116	3609726	0.100142292180448	5.22581180648629e-05	1	0.0517344335585888	0.000101235568092717	3	110705_SN350_0045_B81ND1ABXX	1	ATCACG
LT001600RL	4552439	4519791	4213963	3821650	3345470	0.100166542644	7.65085816172295e-05	1	0.0516817112973631	4.85133068670596e-05	3	110705_SN350_0045_B81ND1ABXX	1	GATCAG
LT245084RU	7216883	7205348	6869536	5537520	4744925	0.100312878629905	0.000222844567522085	1	0.0517344388327015	0.000101240842205419	3	110705_SN350_0045_B81ND1ABXX	2	CGATGT
LT275526RU	4325835	4317720	4090171	3537089	3117503	0.100267766067696	0.000177732005313569	1	0.0517314537947444	9.82558042483817e-05	3	110705_SN350_0045_B81ND1ABXX	2	TAGCTT
LT175399RU	5611448	5601666	5394806	4254060	3685028	0.100330193858257	0.000240159795874106	1	0.0517497903845743	0.000116592394078241	3	110705_SN350_0045_B81ND1ABXX	2	CAGATC
LT173946RL	6308287	6297804	5973938	4634808	4019880	0.100326672685049	0.00023663862266643	1	0.0517446694644113	0.000111471473915215	3	110705_SN350_0045_B81ND1ABXX	2	GCCAAT
LT156481LL	7766384	7756333	7319425	6563975	5954975	0.100220122079222	0.00013008801683867	1	0.0517190680481496	8.5870057653592e-05	3	110705_SN350_0045_B81ND1ABXX	2	TGACCA
LT130350RU	5456820	5444940	5217917	4387642	3969359	0.100196132823645	0.000106098761261997	1	0.0517187991499672	8.56011594712047e-05	3	110705_SN350_0045_B81ND1ABXX	2	TTAGGC
LT038591LU	3029038	3020546	2873805	2490890	2160725	0.100293199203275	0.000203165140892025	1	0.0517329751682079	9.97771777118128e-05	3	110705_SN350_0045_B81ND1ABXX	2	ACTTGA
LT093297LU	10522378	10511100	10233572	5539505	4264596	0.0997501047649672	-0.000339929297415775	1	0.0515688586104128	-6.43393800832115e-05	3	110705_SN350_0045_B81ND1ABXX	2	ACAGTG
LT105618RL	9139690	9129661	8839156	4827576	3652058	0.0997533776837343	-0.000336656378648659	1	0.0515822728239841	-5.09251665119503e-05	3	110705_SN350_0045_B81ND1ABXX	2	ATCACG
LT025997RU	2625925	2617616	2466510	2056813	1587504	0.100215107361756	0.000125073299372946	1	0.0516032049175998	-2.9993072896195e-05	3	110705_SN350_0045_B81ND1ABXX	2	GATCAG
LT046539RL	6338374	6004054	5674863	4613495	3978293	0.10032090040089	0.000230866338506885	1	0.0517478266924278	0.000114628701931796	3	110705_SN350_0045_B81ND1ABXX	3	CGATGT
LT286056RU	7418959	6965116	6756191	5624469	5032537	0.100310470975049	0.000220436912665711	1	0.0517417566133223	0.000108558622826216	3	110705_SN350_0045_B81ND1ABXX	3	TAGCTT
LT020426LU	9409136	9087515	8821680	8027228	7441177	0.100139627462115	4.95933997317621e-05	1	0.0516961155400337	6.29175495376888e-05	3	110705_SN350_0045_B81ND1ABXX	3	CAGATC
LT195011RL	5284576	4997625	4805211	4432882	4061826	0.100105382964694	1.53489023113629e-05	1	0.0516861128612152	5.29148707191229e-05	3	110705_SN350_0045_B81ND1ABXX	3	GCCAAT
LT002501RL	7977410	7583053	7253586	6594537	6067377	0.100165903163275	7.58691008919676e-05	1	0.0517056455289036	7.24475384075163e-05	3	110705_SN350_0045_B81ND1ABXX	3	TGACCA
LT081077RU	5406983	5218220	5039224	4059825	3696583	0.100237831361441	0.00014779729905845	1	0.0516822637739878	4.90657834917307e-05	3	110705_SN350_0045_B81ND1ABXX	3	TTAGGC
LT000216LL	6390288	6127739	5790513	4952952	4431983	0.100270958459366	0.000180924396983251	1	0.051703017393224	6.98194027279886e-05	3	110705_SN350_0045_B81ND1ABXX	3	ACTTGA
LT004173LL	6195690	5886814	5594509	5143615	4754609	0.100063429174334	-2.66048880490644e-05	1	0.0516518622355251	1.86642450290542e-05	3	110705_SN350_0045_B81ND1ABXX	3	ACAGTG
LT139649RU	6297240	6032114	5737002	4614203	4017426	0.100351628318928	0.000261594256544928	1	0.0517630510412654	0.000129853050769402	3	110705_SN350_0045_B81ND1ABXX	3	ATCACG
LT081282RM	6570936	6158688	5949871	5118209	4663617	0.100264281639399	0.000174247577016118	1	0.0517278354121584	9.46374216623802e-05	3	110705_SN350_0045_B81ND1ABXX	3	GATCAG
LT084406RU	9696186	9323930	8840678	6124134	4840776	0.100166595579627	7.65615172442224e-05	1	0.0516759281546448	4.27301641487965e-05	3	110705_SN350_0045_B81ND1ABXX	4	CGATGT
LT192758RU	4463777	4248331	3937760	3353792	2913150	0.100241603551392	0.000151569489009518	1	0.05168707032097	5.38723304739364e-05	3	110705_SN350_0045_B81ND1ABXX	4	TAGCTT
LT287158LU	7198047	7023049	6581987	4730522	4003202	0.100203397053297	0.000113362990914467	1	0.051709822892231	7.66249017349896e-05	3	110705_SN350_0045_B81ND1ABXX	4	CAGATC
LT241811LL	6879640	6783023	6497245	5859650	5391739	0.100201055276226	0.000111021213843099	1	0.051711595131243	7.83971407469775e-05	3	110705_SN350_0045_B81ND1ABXX	4	GCCAAT
LT233620RU	6666099	6355143	6115112	5645149	5250060	0.100113813823383	2.37797610003199e-05	1	0.0516930248909739	5.98269004778995e-05	3	110705_SN350_0045_B81ND1ABXX	4	TGACCA
LT140046RU	7702163	7390493	7050957	5794537	5333669	0.100284858609459	0.000194824547075978	1	0.0517076455708692	7.4447580373116e-05	3	110705_SN350_0045_B81ND1ABXX	4	TTAGGC
LT236045LL	8891832	8622519	8211559	5773347	4868750	0.100175028257611	8.49941952276723e-05	1	0.0516845016609124	5.13036704163916e-05	3	110705_SN350_0045_B81ND1ABXX	4	ACTTGA
LT056301LL	6637434	6388855	6019362	5123592	4581355	0.100300874455508	0.000210840393125356	1	0.051734198903354	0.000101000912857918	3	110705_SN350_0045_B81ND1ABXX	4	ACAGTG
LT280560LU	8037266	7686051	7310976	5828522	5197785	0.100306938557974	0.000216904495591308	1	0.0517336800838402	0.000100482093344123	3	110705_SN350_0045_B81ND1ABXX	4	ATCACG
LT207073RU	5199962	4998397	4698051	4311944	4003465	0.100098823270669	8.78920828606411e-06	1	0.0516710833084604	3.78853179643368e-05	3	110705_SN350_0045_B81ND1ABXX	4	GATCAG
LT191020LI	14308448	14280620	13832815	10947009	9490947	0.100316717671543	0.000226683609160006	1	0.0517325188443465	9.93208538504486e-05	3	110705_SN350_0045_B81ND1ABXX	5	CGATGT
LT030662LL	14311295	14293919	13697957	10806540	9399010	0.100323428315881	0.000233394253497998	1	0.0517386627849776	0.000105464794481591	3	110705_SN350_0045_B81ND1ABXX	5	TAGCTT
LT009099RL	21042106	21013905	20481656	12787779	10146913	0.0999967945676499	-9.3239494733055e-05	1	0.0516287210367541	-4.47695374194979e-06	3	110705_SN350_0045_B81ND1ABXX	5	CAGATC
LT075917RU	54169	53564	48425	37824	10105	0.0987231460045996	-0.00136688805778329	2	0.0493512179518152	-0.00228198003868085	4	110705_SN350_0045_B81ND1ABXX	5	GCCAAT
LT147610LL	6873857	6856524	6636019	5485785	4855903	0.100295284835249	0.000205250772865817	1	0.0517239721066289	9.07741161328968e-05	3	110705_SN350_0045_B81ND1ABXX	5	TGACCA
LT195484RU	483123	480433	451014	14615	6357	0.0958760093194275	-0.0042140247429554	3	0.0502728777661752	-0.00136032022432087	5	110705_SN350_0045_B81ND1ABXX	5	TTAGGC
LT089723LL	11859297	11837904	11453863	9927160	8924193	0.100274247467771	0.000184213405388434	1	0.0517325778014048	9.93798109087951e-05	3	110705_SN350_0045_B81ND1ABXX	5	ACTTGA
LT082461RL	7224201	7205878	6983172	5080819	4307542	0.100250388073519	0.000160354011136565	1	0.0517278417139062	9.46437234101705e-05	3	110705_SN350_0045_B81ND1ABXX	5	ACAGTG
LT151920RL	10904870	10882682	10585130	8952916	8115118	0.100291749418317	0.000201715355934162	1	0.051728715067118	9.55170766219204e-05	3	110705_SN350_0045_B81ND1ABXX	5	ATCACG
LT203431RL	13671119	13655350	13376925	5380287	3512428	0.0990210250073518	-0.00106900905503116	4	0.051362471425104	-0.000270726565392065	2	110705_SN350_0045_B81ND1ABXX	5	GATCAG
LT115840LL	5016235	5008212	4746882	3552557	3013288	0.100310519095571	0.000220485033188389	1	0.051747970718742	0.000114772728246004	3	110705_SN350_0045_B81ND1ABXX	6	CGATGT
LT005256RL	6000725	5993697	5783465	2707069	1823611	0.0993587799265394	-0.000731254135843518	4	0.0512932671117674	-0.000339930878728634	2	110705_SN350_0045_B81ND1ABXX	6	TAGCTT
LT279828RU	4974569	4964609	4771280	3233394	2720896	0.100150104816501	6.0070754118513e-05	1	0.0516567592226937	2.35612321977108e-05	3	110705_SN350_0045_B81ND1ABXX	6	CAGATC
LT162479RU	5968193	5959424	5757472	4727276	4248642	0.100278243050141	0.000188208987758287	1	0.0516910511820736	5.78531915775837e-05	3	110705_SN350_0045_B81ND1ABXX	6	GCCAAT
LT244399LU	3642155	3633677	3463391	3200763	2884993	0.100123641861046	3.36077986635708e-05	1	0.0516757924857252	4.25944952291424e-05	3	110705_SN350_0045_B81ND1ABXX	6	TGACCA
LT051993RU	3954183	3945147	3781793	2945759	2619198	0.100179613982432	8.95799200493208e-05	1	0.0517210120995084	8.7814109012374e-05	3	110705_SN350_0045_B81ND1ABXX	6	TTAGGC
LT191675RL	3487035	3481917	3351072	2397462	2016108	0.100212605504135	0.000122571441751873	1	0.0516920643691081	5.88663786120769e-05	3	110705_SN350_0045_B81ND1ABXX	6	ACTTGA
LT266817LL	2954249	2946672	2858290	2158061	1886213	0.100276155179555	0.000186121117172533	1	0.0517215032379146	8.83052474185408e-05	3	110705_SN350_0045_B81ND1ABXX	6	ACAGTG
LT198741LU	3160215	3154704	2971984	2736735	2482933	0.100121270642868	3.12365804853165e-05	1	0.0516836976068535	5.04996163575022e-05	3	110705_SN350_0045_B81ND1ABXX	6	ATCACG
LT115251RU	9591283	9583127	9307413	4194116	2629913	0.0991476890781255	-0.000942344984257382	4	0.0511681205680812	-0.000465077422414861	2	110705_SN350_0045_B81ND1ABXX	6	GATCAG
LT245983LU	13686377	13551667	13241075	10905556	9657935	0.100282852230495	0.000192818168112119	1	0.0517214147246874	8.82167341913487e-05	3	110705_SN350_0045_B81ND1ABXX	7	CGATGT
LT269763RL	15853670	15687455	15341745	14076455	13020240	0.0999831439920524	-0.00010689007033049	1	0.0515654248149258	-6.77731755702737e-05	3	110705_SN350_0045_B81ND1ABXX	7	TAGCTT
LT263636RU	12484830	12415617	12147760	7739360	6105148	0.100001405343946	-8.86287184371781e-05	1	0.0516726915600081	3.94935695120502e-05	3	110705_SN350_0045_B81ND1ABXX	7	CAGATC
LT238531RU	14003718	13836148	13462213	11344955	10093604	0.100241061786831	0.000151027724447861	1	0.0516761592582671	4.29612677710356e-05	3	110705_SN350_0045_B81ND1ABXX	7	GCCAAT
LT155318RL	16105205	15909017	15619796	9817709	8055724	0.0999088518361644	-0.000181182226218546	1	0.0516602370812969	2.70390908008178e-05	3	110705_SN350_0045_B81ND1ABXX	7	TGACCA
LT058319LU	806826	800116	763141	245548	216656	0.098500285436376	-0.00158974862600703	5	0.0517413482598124	0.000108150269316321	3	110705_SN350_0045_B81ND1ABXX	7	TTAGGC
LT143944LL	907911	904591	880130	756512	668408	0.100268087075329	0.000178053012946044	1	0.0517341211040983	0.000100923113602214	3	110705_SN350_0045_B81ND1ABXX	7	ACTTGA
LT185970RL	1985304	1929261	1889464	1736182	1561484	0.100109705996155	1.96719337721696e-05	1	0.0516802199471678	4.70219566717223e-05	3	110705_SN350_0045_B81ND1ABXX	7	ACAGTG
LT126767LL	6079599	5983767	5854871	4768385	4075979	0.100179694106352	8.966004396882e-05	1	0.051551410741085	-8.17872494109917e-05	3	110705_SN350_0045_B81ND1ABXX	7	ATCACG
LT013011LU	10606987	10505782	10210905	9103036	8280909	0.100207687514665	0.000117653452282429	1	0.0517223425762252	8.91445857291728e-05	3	110705_SN350_0045_B81ND1ABXX	7	GATCAG
LT113005RU	10624165	9981366	9629971	6730500	5682416	0.10020517131693	0.000115137254546926	1	0.0517289547324518	9.57567419557215e-05	3	110705_SN350_0045_B81ND1ABXX	8	CGATGT
LT181845RU	6401610	6092874	5541093	4097972	3364829	0.10024561328536	0.000155579222977487	1	0.0517414790327941	0.000108281042298097	3	110705_SN350_0045_B81ND1ABXX	8	TAGCTT
LT166240RM	16729073	16439366	16005689	13529343	12520856	0.100199175632513	0.000109141570130422	1	0.0516630455958862	2.98476053901542e-05	3	110705_SN350_0045_B81ND1ABXX	8	CAGATC
LT099879RL	10212674	9330628	9015611	6480946	5498069	0.100226111997707	0.00013607793532433	1	0.0517463589410982	0.000113160950602209	3	110705_SN350_0045_B81ND1ABXX	8	GCCAAT
LT017495RL	12900421	11843512	11357920	9181926	8118184	0.100292693981663	0.000202659919279924	1	0.0517412548581819	0.000108056867685891	3	110705_SN350_0045_B81ND1ABXX	8	TGACCA
LT231101RL	13962353	13301424	12846546	7033000	5390464	0.0997671631300823	-0.000322870932300656	1	0.0515859658589934	-4.72321315025948e-05	3	110705_SN350_0045_B81ND1ABXX	8	TTAGGC
LT178929RL	6805369	6452738	6004639	5584277	5159806	0.100036869243841	-5.31648185417843e-05	1	0.0516550282026693	2.18302121732794e-05	3	110705_SN350_0045_B81ND1ABXX	8	ACTTGA
LT038075LL	6752698	6142656	5845897	5270274	4630472	0.100193611436135	0.000103577373752106	1	0.0516914788473362	5.82808568401205e-05	3	110705_SN350_0045_B81ND1ABXX	8	ACAGTG
LT080750LL	7091959	6445503	6028415	4775120	3949633	0.100302608522673	0.000212574460290327	1	0.0517114917780006	7.82937875045686e-05	3	110705_SN350_0045_B81ND1ABXX	8	ATCACG
LT221510LU	8909864	8371639	7950005	6645602	5828700	0.100229691906012	0.000139657843629237	1	0.0516194352196127	-1.37627708833854e-05	3	110705_SN350_0045_B81ND1ABXX	8	GATCAG
LT002410RM	6753319	6717270	6345654	5125003	4617358	0.100293770962184	0.000203736899800688	1	0.0516936494325142	6.04514420181612e-05	3	110329_SN350_0010_B81NC1ABXX	1	CGATGT
LT175949LL	4831502	4800225	4416473	4070073	3698642	0.100101179227726	1.11451653426187e-05	1	0.0517005178426362	6.73198521401464e-05	3	110329_SN350_0010_B81NC1ABXX	1	TAGCTT
LT190870RU	5249968	5215749	4788783	4258675	3890466	0.100208579558227	0.000118545495844558	1	0.051721612316066	8.8414325569941e-05	3	110329_SN350_0010_B81NC1ABXX	1	CAGATC
LT150340LU	5410299	5362836	4929477	4164593	3688556	0.100227047640234	0.000137013577851341	1	0.0516636678679281	3.04698774320489e-05	3	110329_SN350_0010_B81NC1ABXX	1	GCCAAT
LT121928RL	3859690	3826578	3467574	3182953	2823556	0.100073095547119	-1.69385152641865e-05	1	0.05169662520804	6.34272175439321e-05	3	110329_SN350_0010_B81NC1ABXX	1	TGACCA
LT060406RL	5594387	5562358	5143708	3084074	2536551	0.100052608672351	-3.7425390031931e-05	1	0.0517118840386903	7.86860481942764e-05	3	110329_SN350_0010_B81NC1ABXX	1	TTAGGC
LT077264RU	7784030	7739065	7035047	4936512	4071372	0.100183362546967	9.33284845836546e-05	1	0.0516932168550148	6.00188645187849e-05	3	110329_SN350_0010_B81NC1ABXX	1	ACTTGA
LT136415RU	5558245	5520787	5142216	4309067	3823578	0.100303243759372	0.000213209696988681	1	0.0517269321642861	9.37341737901054e-05	3	110329_SN350_0010_B81NC1ABXX	1	ACAGTG
LT026534RL	6571109	6540004	6038318	4792873	4229736	0.100316016656335	0.000225982593952345	1	0.0517270844841711	9.38864936750328e-05	3	110329_SN350_0010_B81NC1ABXX	1	ATCACG
LT282562RM	5617767	5574641	5368377	4755529	4349321	0.100224727666196	0.000134693603812686	1	0.0517146985697725	8.15005792764723e-05	3	110329_SN350_0010_B81NC1ABXX	1	GATCAG
LT286300LU	5890391	5788265	5479810	5070319	4727027	0.10008954096304	-4.93099343135128e-07	1	0.0516791247468602	4.59267563641674e-05	3	110329_SN350_0010_B81NC1ABXX	2	CGATGT
LT284144LU	4662075	4560349	4208573	3826242	3391838	0.100131842644495	4.18085821123348e-05	1	0.0516875472488818	5.43492583857663e-05	3	110329_SN350_0010_B81NC1ABXX	2	TAGCTT
LT055841LL	6744493	6573757	6087041	5184661	4531168	0.100294697469879	0.000204663407496142	1	0.0517364698495975	0.000103271859101417	3	110329_SN350_0010_B81NC1ABXX	2	CAGATC
LT053283RU	5943253	5818532	5451609	4938518	4557749	0.10019025859344	0.000100224531057513	1	0.0517104625176721	7.72645271760464e-05	3	110329_SN350_0010_B81NC1ABXX	2	GCCAAT
LT142159RU	5121590	5015447	4694660	3975478	3558429	0.100311467076284	0.000221433013901429	1	0.0517423125083314	0.000109114517835351	3	110329_SN350_0010_B81NC1ABXX	2	TGACCA
LT154455RU	6774894	6649330	6246286	4286553	3650019	0.100249072157821	0.00015903809543838	1	0.0517531497394803	0.000119951748984271	3	110329_SN350_0010_B81NC1ABXX	2	TTAGGC
LT167891LU	6841576	6695906	6308615	4216136	3080160	0.100044209086682	-4.58249757007145e-05	1	0.051529117532622	-0.000104080457874023	3	110329_SN350_0010_B81NC1ABXX	2	ACTTGA
LT043343LU	6463742	6332526	5928424	4846432	4328738	0.100317993702981	0.000227959640598296	1	0.0517296816682846	9.64836777885836e-05	3	110329_SN350_0010_B81NC1ABXX	2	ACAGTG
LT048637LL	5243137	5115409	4806976	3946084	3393863	0.100300931428244	0.000210897365860774	1	0.0516970074430461	6.38094525500232e-05	3	110329_SN350_0010_B81NC1ABXX	2	ATCACG
LT166565RU	5488695	5398499	5128296	4519124	4069524	0.100246256930048	0.000156222867665257	1	0.0517055648124416	7.23668219455575e-05	3	110329_SN350_0010_B81NC1ABXX	2	GATCAG
LT127070RL	7076930	6840634	6531486	6031681	5406030	0.100129390039215	3.93559768316898e-05	1	0.0516675773134476	3.43793229515832e-05	3	110329_SN350_0010_B81NC1ABXX	3	CGATGT
LT184347RU	5195972	5094829	4947499	3536143	3004891	0.10016914549543	7.91114330471743e-05	1	0.0517174328124812	8.4234821985163e-05	3	110329_SN350_0010_B81NC1ABXX	3	TAGCTT
LT253677RL	8240834	7990346	7383875	6226950	5160584	0.100313588068507	0.000223554006123727	1	0.0517310849751345	9.78869846384178e-05	3	110329_SN350_0010_B81NC1ABXX	3	CAGATC
LT036383LL	8623164	8348840	7696521	6142415	5106825	0.100319078746465	0.000229044684082247	1	0.0517535015375408	0.000120303547044731	3	110329_SN350_0010_B81NC1ABXX	3	GCCAAT
LT295133LL	7794583	7601452	7220986	5353720	4292061	0.100285534041456	0.000195499979072977	1	0.0517330761674826	9.98781769865342e-05	3	110329_SN350_0010_B81NC1ABXX	3	TGACCA
LT106561LL	9607584	9251564	8548204	7453338	6448194	0.100196266471309	0.000106232408925599	1	0.0517096460608313	7.64480703352444e-05	3	110329_SN350_0010_B81NC1ABXX	3	TTAGGC
LT256221LL	6527859	6394818	6118453	5687785	5024793	0.100152621854388	6.25877920046314e-05	1	0.0516869877026163	5.37897121202224e-05	3	110329_SN350_0010_B81NC1ABXX	3	ACTTGA
LT172093RL	3537895	3399771	3275599	2912403	2612083	0.100247397818398	0.000157363756014828	1	0.0517230401345503	8.98421440542752e-05	3	110329_SN350_0010_B81NC1ABXX	3	ACAGTG
LT180102RL	7887932	7735916	7425124	6712574	6029739	0.100223714830255	0.000133680767872235	1	0.0517272681123431	9.4070121847034e-05	3	110329_SN350_0010_B81NC1ABXX	3	ATCACG
LT196199RU	8884775	8688542	8226367	7136706	6338312	0.100279811749604	0.000189777687220616	1	0.0517372405241059	0.000104042533609849	3	110329_SN350_0010_B81NC1ABXX	3	GATCAG
LT000379LU	10210336	9828642	9366447	8334792	7215731	0.100268802549521	0.000178768487138381	1	0.0516934519630345	6.02539725385043e-05	3	110329_SN350_0010_B81NC1ABXX	4	CGATGT
LT058691LU	4205131	4100262	3905887	3218780	2796267	0.100292317519687	0.000202283457303665	1	0.0516883016556575	5.51036651614822e-05	3	110329_SN350_0010_B81NC1ABXX	4	TAGCTT
LT130546RU	9612613	9259955	8701384	6271806	4526945	0.100021067925044	-6.89661373387551e-05	1	0.051339229504181	-0.000293968486315022	3	110329_SN350_0010_B81NC1ABXX	4	CAGATC
LT206871LU	5781905	5713901	5424183	4360643	3796323	0.10032808866435	0.000238054601966908	1	0.0517479776200473	0.000114779629551309	3	110329_SN350_0010_B81NC1ABXX	4	GCCAAT
LT096430LU	2191875	2156673	2054500	1411753	1162843	0.10021814708127	0.000128113018886822	1	0.0517316978834741	9.84998929780545e-05	3	110329_SN350_0010_B81NC1ABXX	4	TGACCA
LT144462RU	9993236	9789415	9107916	7628152	6688008	0.100296480826217	0.000206446763833856	1	0.0517371533654043	0.00010395537490826	3	110329_SN350_0010_B81NC1ABXX	4	TTAGGC
LT047152LL	13431163	12964915	12164552	11201933	9232808	0.100200726030734	0.000110691968350896	1	0.0516428223528493	9.62436235329989e-06	3	110329_SN350_0010_B81NC1ABXX	4	ACTTGA
LT109231RU	8472546	8296239	7918697	6619597	5752620	0.100325480106586	0.000235446044203336	1	0.0517366524102754	0.000103454419779325	3	110329_SN350_0010_B81NC1ABXX	4	ACAGTG
LT173597LL	9571921	9364830	8751580	6196397	4815850	0.100231589531495	0.000141555469111765	1	0.051699613960847	6.64159703509526e-05	3	110329_SN350_0010_B81NC1ABXX	4	ATCACG
LT285906LL	3205929	3128616	2906604	2664674	2391093	0.100156561270124	6.65272077409185e-05	1	0.0517146612597847	8.14632692887063e-05	3	110329_SN350_0010_B81NC1ABXX	4	GATCAG
LT075462RU	8156976	8139086	7855619	6934142	6433300	0.10021610684282	0.000126072780437081	1	0.0516890126138794	5.58146233833323e-05	3	110329_SN350_0010_B81NC1ABXX	5	CGATGT
LT016556LU	7142519	7126145	6800740	5127535	4494268	0.100274590832742	0.000184556770359112	1	0.0517425826286728	0.000109384638176779	3	110329_SN350_0010_B81NC1ABXX	5	TAGCTT
LT171097RL	6431824	6415629	6148829	5682528	5301849	0.100103364594203	1.33305318201771e-05	1	0.0516733665961044	4.01686056084039e-05	3	110329_SN350_0010_B81NC1ABXX	5	CAGATC
LT297451LU	6303952	6285220	5958396	5009338	4571062	0.10027077284124	0.000180738778857048	1	0.0517137864648789	8.05884743828589e-05	3	110329_SN350_0010_B81NC1ABXX	5	GCCAAT
LT120371LL	7544619	7515715	7186209	6732328	6136329	0.100086014951308	-4.01911107461572e-06	1	0.0516846881623634	5.14901718673411e-05	3	110329_SN350_0010_B81NC1ABXX	5	TGACCA
LT076421LL	7369757	7350784	6935125	4692808	4098228	0.100219645819536	0.000129611757152759	1	0.0517406080334724	0.000107410042976319	3	110329_SN350_0010_B81NC1ABXX	5	TTAGGC
LT285671LU	7039111	7015039	6656907	5809831	5306367	0.100243906031324	0.000153871968941122	1	0.0517061444999165	7.29465094204684e-05	3	110329_SN350_0010_B81NC1ABXX	5	ACTTGA
LT076617LL	6402585	6385464	6152299	4696489	4206297	0.10028564679648	0.000195612734096962	1	0.0517246864687277	9.1488478231705e-05	3	110329_SN350_0010_B81NC1ABXX	5	ACAGTG
LT236519LL	8057624	8038920	7759911	4337196	3303959	0.099799648683549	-0.000290385378833857	1	0.0516250683194595	-8.12967103658302e-06	3	110329_SN350_0010_B81NC1ABXX	5	ATCACG
LT012861RU	6547490	6527098	6262164	5788516	5324066	0.100131082870957	4.1048808574029e-05	1	0.0516888416088916	5.56436183956066e-05	3	110329_SN350_0010_B81NC1ABXX	5	GATCAG
LT196309RL	7217610	7205429	6860382	5812628	5238819	0.100228661733212	0.000138627670829283	1	0.0516909395803435	5.77415898475042e-05	3	110329_SN350_0010_B81NC1ABXX	6	CGATGT
LT006946RM	5891434	5875699	5688637	5041716	4643747	0.100208739182167	0.000118705119784401	1	0.051703939861266	7.07418707699414e-05	3	110329_SN350_0010_B81NC1ABXX	6	TAGCTT
LT007392RU	7669533	7648467	7459867	6636362	6018574	0.100202777767	0.000112743704616669	1	0.0517040087426675	7.0810752171413e-05	3	110329_SN350_0010_B81NC1ABXX	6	CAGATC
LT005419RU	7524515	7515023	7304046	5209432	4603078	0.10021078104571	0.000120746983326647	1	0.0517332874729908	0.000100089482494736	3	110329_SN350_0010_B81NC1ABXX	6	GCCAAT
LT206010LU	6558995	6543874	6423348	5895489	5449776	0.100100143895859	1.01098334757133e-05	1	0.0516778649104117	4.46669199156702e-05	3	110329_SN350_0010_B81NC1ABXX	6	TGACCA
LT078347LL	7066278	7056262	6897548	4522347	3940314	0.100093671656777	3.63759439414579e-06	1	0.0517074555612662	7.42575707701754e-05	3	110329_SN350_0010_B81NC1ABXX	6	TTAGGC
LT213352LU	7042633	7021570	6826550	5998754	5543726	0.100217973691554	0.000127939629171347	1	0.0516963080135104	6.3110023014401e-05	3	110329_SN350_0010_B81NC1ABXX	6	ACTTGA
LT277811RL	7062714	7051981	6756819	4059899	3193637	0.0998111108014972	-0.000278923260885744	1	0.0516530942299565	1.98962394604152e-05	3	110329_SN350_0010_B81NC1ABXX	6	ACAGTG
LT071706RL	8173334	8149590	7812876	7358147	6511418	0.100076866348643	-1.31677137402697e-05	1	0.0516831533195405	4.99553290445043e-05	3	110329_SN350_0010_B81NC1ABXX	6	ATCACG
LT141224LL	6219068	6207673	6081202	5802421	5423724	0.0999449936930281	-0.00014504036935481	1	0.05165851776279	2.53197722939191e-05	3	110329_SN350_0010_B81NC1ABXX	6	GATCAG
LT248906LL	6909226	6778261	6157991	5377576	4818064	0.100181340517395	9.13064550118747e-05	1	0.0516865088451772	5.33108546811878e-05	3	110329_SN350_0010_B81NC1ABXX	7	CGATGT
LT197511LU	8027003	7908784	7243887	5805426	4999907	0.100309866232537	0.000219832170154532	1	0.0517495045044074	0.000116306513911368	3	110329_SN350_0010_B81NC1ABXX	7	TAGCTT
LT242161RL	8388501	8250030	7439423	6123081	5460963	0.100269686469258	0.000179652406875341	1	0.0517352394860071	0.000102041495511074	3	110329_SN350_0010_B81NC1ABXX	7	CAGATC
LT106519RL	9523010	9311350	8582908	7389873	6513754	0.100280136272009	0.000190102209626453	1	0.0517431526809613	0.000109954690465264	3	110329_SN350_0010_B81NC1ABXX	7	GCCAAT
LT0249481LU	2751301	2705297	2498267	2149125	1941660	0.100254644014625	0.000164609952241879	1	0.0517151422396207	8.19442491246658e-05	3	110329_SN350_0010_B81NC1ABXX	7	TGACCA
LT150981RU	8404354	8346102	8044738	3951458	3042008	0.0996062344247495	-0.000483799637633453	1	0.0515463466077799	-8.68513827161355e-05	3	110329_SN350_0010_B81NC1ABXX	7	TTAGGC
LT180758RM	7871338	7711722	7166770	6063717	5395359	0.100283291562119	0.000193257499736532	1	0.0517103451948149	7.71472043188393e-05	3	110329_SN350_0010_B81NC1ABXX	7	ACTTGA
LT076181LI	9060123	8869873	8209415	7493111	6850648	0.100139312984956	4.92789225727819e-05	1	0.0516779120067545	4.47140162584958e-05	3	110329_SN350_0010_B81NC1ABXX	7	ACAGTG
LT062121LL	7196953	7085299	6723349	4470924	3655316	0.100156549604702	6.65155423194008e-05	1	0.0516918725998328	5.86746093367285e-05	3	110329_SN350_0010_B81NC1ABXX	7	ATCACG
LT037710RU	4785995	4706586	4295679	3714403	3333816	0.100249553435577	0.000159519373193806	1	0.0517351791432417	0.000101981152745623	3	110329_SN350_0010_B81NC1ABXX	7	GATCAG
LT246994RU	7931627	7892443	7531092	4940853	4089396	0.100174298611566	8.42645491827554e-05	1	0.0517212820110546	8.80840205585987e-05	3	110329_SN350_0010_B81NC1ABXX	8	CGATGT
LT165114RU	8624693	8511685	7769108	6816368	6086689	0.100172127435537	8.2093373154013e-05	1	0.0516751964209423	4.19984304462773e-05	3	110329_SN350_0010_B81NC1ABXX	8	TAGCTT
LT288719RL	9239027	9172318	8648341	7434701	6744211	0.100230221896877	0.000140187834493766	1	0.0516841124524161	5.09144619200708e-05	3	110329_SN350_0010_B81NC1ABXX	8	CAGATC
LT280646RU	2198632	2177007	2014698	1863547	1715321	0.100064308890005	-2.57251723776442e-05	1	0.0516702580903214	3.70600998254034e-05	3	110329_SN350_0010_B81NC1ABXX	8	GCCAAT
LT012933RL	9253426	9186562	8128305	6560367	5745238	0.100215896262386	0.000125862200003102	1	0.0517213898023225	8.81918118265101e-05	3	110329_SN350_0010_B81NC1ABXX	8	TGACCA
LT176510LU	4400329	4385732	4191231	1421384	820224	0.0987225835177314	-0.00136745054465148	4	0.0507991998455855	-0.000833998144910586	2	110329_SN350_0010_B81NC1ABXX	8	TTAGGC
LT032411RU	7970870	7928211	7541837	5233297	4442132	0.100165622677384	7.5588615001454e-05	1	0.0516605841235478	2.73861330517544e-05	3	110329_SN350_0010_B81NC1ABXX	8	ACTTGA
LT087826LL	9980650	9808977	8833300	6830437	5628850	0.10024708820839	0.000157054146007418	1	0.0517180286985162	8.48307080201227e-05	3	110329_SN350_0010_B81NC1ABXX	8	ACAGTG
LT118064RL	6566624	6532677	6272030	4158754	3349402	0.100144443191744	5.44091293610549e-05	1	0.0517121309318043	7.89329413082296e-05	3	110329_SN350_0010_B81NC1ABXX	8	ATCACG
LT125521LL	5905442	5838546	5476057	4856372	4266962	0.100229804387264	0.000139770324880661	1	0.0517031245520256	6.99265615295985e-05	3	110329_SN350_0010_B81NC1ABXX	8	GATCAG
LT062141RL	1792117	1757006	1708313	1454173	1327042	0.100254128374317	0.000164094311934537	1	0.0517109646448635	7.77666543674282e-05	3	110413_SN350_0011_B81PR9ABXX	1	CGATGT
LT030151RU	1842967	1798970	1755974	1456733	1322792	0.100242958708922	0.000152924646538821	1	0.051701176227062	6.79782365660131e-05	3	110413_SN350_0011_B81PR9ABXX	1	TAGCTT
LT119682RL	1957924	1926524	1863116	1700713	1586828	0.10009333372665	3.29966426715345e-06	1	0.0516747662820054	4.1568291509364e-05	3	110413_SN350_0011_B81PR9ABXX	1	GGCTAC
LT273284LL	2069073	2048531	2009657	1196090	962437	0.0998160415274318	-0.000273992534951084	1	0.0515677172194553	-6.54807710407379e-05	3	110413_SN350_0011_B81PR9ABXX	1	CAGATC
LT233821RL	1603298	1580353	1531410	1414032	1319304	0.10007105970601	-1.89743563732137e-05	1	0.0516453767069815	1.21787164855114e-05	3	110413_SN350_0011_B81PR9ABXX	1	GCCAAT
LT017811RM	1592871	1563305	1488388	1117100	938717	0.100301063094015	0.000211029031632393	1	0.0517330372460867	9.98392555906502e-05	3	110413_SN350_0011_B81PR9ABXX	1	TGACCA
LT108067RU	1856840	1807660	1757454	1596567	1487890	0.100112125630378	2.20915679949307e-05	1	0.051666348349624	3.31503591279869e-05	3	110413_SN350_0011_B81PR9ABXX	1	ACTTGA
LT089958RL	1638618	1604402	1532660	1137456	954569	0.100246905984968	0.000156871922584845	1	0.0517183987764562	8.52007859601933e-05	3	110413_SN350_0011_B81PR9ABXX	1	ACAGTG
LT259072LU	1315214	1290614	1225296	1103707	995239	0.10014476325375	5.47291913672865e-05	1	0.0517046430959756	7.14451054795173e-05	3	110413_SN350_0011_B81PR9ABXX	1	ATCACG
LT166111RU	6805572	6602763	6407405	5647867	5119495	0.100197726739434	0.00010769267705113	1	0.0516970007510957	6.3802760599696e-05	3	110413_SN350_0011_B81PR9ABXX	1	GATCAG
LT139691RU	10489582	10072250	9685399	8477017	7659050	0.100236340151467	0.00014630608908428	1	0.0517035462111286	7.03482206325656e-05	3	110413_SN350_0011_B81PR9ABXX	2	CGATGT
LT096554LU	4663555	4331421	4144329	3742228	3470115	0.100142174064532	5.2140002149148e-05	1	0.0516712062380624	3.80082475663901e-05	3	110413_SN350_0011_B81PR9ABXX	2	TAGCTT
LT017275LL	12683203	12309729	12040388	7303319	5719171	0.0996942618512153	-0.0003957722111676	1	0.0514797984843836	-0.000153399506112484	3	110413_SN350_0011_B81PR9ABXX	2	GGCTAC
LT079487LL	9808417	8947294	8732215	7006687	6212550	0.100276796726255	0.000186762663872297	1	0.0517167642236154	8.35662331193365e-05	3	110413_SN350_0011_B81PR9ABXX	2	CAGATC
LT142933RU	9814450	8637137	8399327	6864420	6173729	0.100295559928542	0.000205525866159295	1	0.0517226411672183	8.94431767222148e-05	3	110413_SN350_0011_B81PR9ABXX	2	GCCAAT
LT024857LU	10337418	9442576	8932915	6517076	5360980	0.100226267734051	0.000136233671667707	1	0.0516910801803792	5.78821898831183e-05	3	110413_SN350_0011_B81PR9ABXX	2	TGACCA
LT222755RL	8022410	7386445	7067736	6327943	5763063	0.100209315288186	0.000119281225802848	1	0.0517152073299678	8.2009339471778e-05	3	110413_SN350_0011_B81PR9ABXX	2	ACTTGA
LT072789RU	8103335	7113500	6886466	4931817	4194974	0.100203269071516	0.000113235009133295	1	0.0516726100984874	3.941210799141e-05	3	110413_SN350_0011_B81PR9ABXX	2	ACAGTG
LT197381LI	6874702	6833572	6670143	3684471	2916776	0.0997352528562185	-0.00035478120616439	1	0.0515500362852364	-8.31617052596823e-05	3	110413_SN350_0011_B81PR9ABXX	2	ATCACG
LT262371RM	9472712	8922952	8585296	6677500	5844416	0.100316088233238	0.000226054170855416	1	0.051736466456938	0.00010326846644193	3	110413_SN350_0011_B81PR9ABXX	2	GATCAG
LT264283RL	11899825	11884685	11394916	10035780	9010057	0.100231116578256	0.00014108251587297	1	0.0517139286686459	8.0730678149843e-05	3	110413_SN350_0011_B81PR9ABXX	3	CGATGT
LT190004RU	9048495	9041854	8861160	4945189	4072624	0.0998290783317697	-0.000260955730613244	1	0.0516534889672069	2.02909767108572e-05	3	110413_SN350_0011_B81PR9ABXX	3	TAGCTT
LT045399RL	8358010	8348969	8021496	6680620	5875378	0.100318639461127	0.000228605398744364	1	0.0517482386108763	0.000115040620380258	3	110413_SN350_0011_B81PR9ABXX	3	GGCTAC
LT177521RU	4204206	4197800	4065054	3608302	3287782	0.100207662267072	0.000117628204688636	1	0.0517150518064091	8.185381591308e-05	3	110413_SN350_0011_B81PR9ABXX	3	CAGATC
LT158795LL	12306337	12270861	11546951	8106969	6557018	0.100085601320458	-4.4327419246315e-06	1	0.0516712143149984	3.8016324502399e-05	3	110413_SN350_0011_B81PR9ABXX	3	GCCAAT
LT083759RL	14398518	14373696	13662613	12341866	10881534	0.10013210628616	4.20722237772786e-05	1	0.0517176954317429	8.44974412468336e-05	3	110413_SN350_0011_B81PR9ABXX	3	TGACCA
LT280851LL	8795156	8786091	8546164	5800630	4936842	0.100204938548325	0.000114904485942535	1	0.051739879385565	0.000106681395068975	3	110413_SN350_0011_B81PR9ABXX	3	ACTTGA
LT235441RL	10045865	10034061	9806868	8336284	7652565	0.100251688964383	0.000161654901999597	1	0.0517127633011032	7.95653106071548e-05	3	110413_SN350_0011_B81PR9ABXX	3	ACAGTG
LT169564RU	7660033	7652169	7394447	5687196	4947049	0.100291809268314	0.000201775205930677	1	0.0517398572865035	0.000106659296007505	3	110413_SN350_0011_B81PR9ABXX	3	ATCACG
LT126293RU	7069122	7062363	6924877	6458521	6093075	0.0999464889618467	-0.000143545100536269	1	0.0516057611202714	-2.74368702246619e-05	3	110413_SN350_0011_B81PR9ABXX	3	GATCAG
LT084808LU	9975819	9964253	9675503	8613792	7921192	0.100195335750498	0.0001053016881154	1	0.0517033991778788	7.02011873827679e-05	3	110413_SN350_0011_B81PR9ABXX	4	CGATGT
LT191618LU	6958339	6949499	6717231	6183485	5654773	0.100110451562843	2.04175004601126e-05	1	0.0516941556433941	6.09576528980416e-05	3	110413_SN350_0011_B81PR9ABXX	4	TAGCTT
LT157856LU	10282699	10247936	9581292	8510924	7146145	0.100203120972109	0.00011308690972589	1	0.0516697468398448	3.65488493487831e-05	3	110413_SN350_0011_B81PR9ABXX	4	GGCTAC
LT055396LU	9390229	9378440	8880913	7752287	6935303	0.100249021827345	0.000158987764962149	1	0.0517169306372152	8.37326467191257e-05	3	110413_SN350_0011_B81PR9ABXX	4	CAGATC
LT205707LL	9784152	9771498	9363806	7848135	6987633	0.10031014876817	0.0002201147057872	1	0.0517309466444504	9.77486539543992e-05	3	110413_SN350_0011_B81PR9ABXX	4	GCCAAT
LT028264RL	7855569	7848170	7668191	5333267	4551175	0.100198529663929	0.000108495601546021	1	0.0517236763281994	9.04783377033702e-05	3	110413_SN350_0011_B81PR9ABXX	4	TGACCA
LT157177RU	9441919	9417569	9142728	6292495	5315449	0.100148683760313	5.86496979297912e-05	1	0.0517363274067584	0.000103129416262338	3	110413_SN350_0011_B81PR9ABXX	4	ACTTGA
LT059224RL	9047655	9033458	8534936	6658627	5579699	0.100319768252857	0.000229734190473785	1	0.0517554552617936	0.000122257271297554	3	110413_SN350_0011_B81PR9ABXX	4	ACAGTG
LT223106RU	8218503	8208122	7972691	5530788	4744864	0.10022404972671	0.000134015664326803	1	0.0517415274112054	0.000108329420709374	3	110413_SN350_0011_B81PR9ABXX	4	ATCACG
LT251693LL	9936431	9921376	9571339	8439672	7707256	0.100236375226591	0.000146341164208419	1	0.0517202849280947	8.70869375986238e-05	3	110413_SN350_0011_B81PR9ABXX	4	GATCAG
LT197821RL	9709204	9404468	8960831	7750210	6949100	0.100251084601303	0.00016105053892046	1	0.0517311416138526	9.79436233565778e-05	3	110413_SN350_0011_B81PR9ABXX	5	CGATGT
LT277036RU	8824832	8709135	8373827	5050702	3986263	0.099959972922159	-0.000130061140223958	1	0.0516209661273506	-1.22318631454732e-05	3	110413_SN350_0011_B81PR9ABXX	5	TAGCTT
LT130603LL	2162783	2116757	2063476	1292424	1042324	0.100057570611387	-3.24634509962785e-05	1	0.0516974317546957	6.42337641996171e-05	3	110413_SN350_0011_B81PR9ABXX	5	GGCTAC
LT013743LL	8159808	8054707	7784356	6866036	6249863	0.100220765573259	0.000130731510876281	1	0.0517168446311917	8.36466406957115e-05	3	110413_SN350_0011_B81PR9ABXX	5	CAGATC
LT243794RL	7457947	7321275	7092399	5232763	4466101	0.100298611135361	0.000208577072978056	1	0.0517585112089567	0.000125313218460654	3	110413_SN350_0011_B81PR9ABXX	5	GCCAAT
LT184772RL	8866627	8153332	7540115	5429617	4142951	0.100175846973961	8.58129115779427e-05	1	0.0515846306306558	-4.85673598402681e-05	3	110413_SN350_0011_B81PR9ABXX	5	TGACCA
LT91552LL	8283912	8004299	7682760	6988707	6386448	0.100130818155129	4.07840927456604e-05	1	0.0517052983851796	7.21003946835275e-05	3	110413_SN350_0011_B81PR9ABXX	5	ACTTGA
LT122336LU	9809285	9568164	9061292	7627699	6790627	0.100298096719668	0.000208062657284902	1	0.0517324852095966	9.92872191005745e-05	3	110413_SN350_0011_B81PR9ABXX	5	ACAGTG
LT220968RU	10836862	10555897	9849926	8888158	8027223	0.100133187139999	4.31530776157096e-05	1	0.0517130732686064	7.98752781103751e-05	3	110413_SN350_0011_B81PR9ABXX	5	ATCACG
LT141870LU	4230246	4130798	3877288	3207985	2809748	0.100322028642795	0.000231994580411676	1	0.0517524179337197	0.000119219943223614	3	110413_SN350_0011_B81PR9ABXX	5	GATCAG
LT069585RL	5572897	5394593	5223000	2146364	1271429	0.0988945113140862	-0.00119552274829671	4	0.0510054387246432	-0.00062775926585279	2	110413_SN350_0011_B81PR9ABXX	6	CGATGT
LT168204LL	8324063	8022787	7590011	6312144	5553694	0.100307787172736	0.000217753110352881	1	0.0517174060778463	8.42080873502127e-05	3	110413_SN350_0011_B81PR9ABXX	6	TAGCTT
LT028044RU	8724305	8408949	7988784	6577211	5703670	0.100326741124047	0.000236707061664454	1	0.0517468177448066	0.000113619754310568	3	110413_SN350_0011_B81PR9ABXX	6	GGCTAC
LT077800RU	7587790	7357118	6958230	4995040	4164450	0.100280233077612	0.000190199015229098	1	0.0517471288034348	0.000113930812938756	3	110413_SN350_0011_B81PR9ABXX	6	CAGATC
LT123313RM	7717566	7522665	7123027	4470593	3594395	0.100049760242976	-4.02738194069663e-05	1	0.0516734589421852	4.02609516891861e-05	3	110413_SN350_0011_B81PR9ABXX	6	GCCAAT
LT296771LL	6809133	6522543	6110508	5374087	4681981	0.10026406810237	0.00017403403998717	1	0.0517399974504187	0.000106799459922646	3	110413_SN350_0011_B81PR9ABXX	6	TGACCA
LT234205RL	13543841	13170063	12572628	8205942	6489842	0.100144881585245	5.48475228625556e-05	1	0.0516975071161976	6.43091257015449e-05	3	110413_SN350_0011_B81PR9ABXX	6	ACTTGA
LT066309LL	7190911	7038532	6653072	4397020	3605825	0.100118258133306	2.82240709230663e-05	1	0.0516472281595663	1.40301690703115e-05	3	110413_SN350_0011_B81PR9ABXX	6	ACAGTG
LT111643RU	3937270	3853277	3646647	2916429	2527125	0.100343589161547	0.000253555099163805	1	0.051760083933289	0.000126885942792976	3	110413_SN350_0011_B81PR9ABXX	6	ATCACG
LT184901RU	3435076	3390051	3272822	1730749	1319684	0.0997409696792562	-0.000349064383126763	1	0.0516151305074435	-1.80674830525529e-05	3	110413_SN350_0011_B81PR9ABXX	6	GATCAG
LT072387LU	9011126	8598770	8230883	7559446	7060989	0.100100262297266	1.02282348835026e-05	1	0.0516780474668179	4.48494763218843e-05	3	110413_SN350_0011_B81PR9ABXX	7	CGATGT
LT258372RL	11884773	11251190	10888843	7521278	6354256	0.10018275048725	9.27164248669676e-05	1	0.0517058074736099	7.2609483113828e-05	3	110413_SN350_0011_B81PR9ABXX	7	TAGCTT
LT230415RU	5010403	4772800	4575367	4147694	3830211	0.100141235775284	5.12017129010722e-05	1	0.0516861416484864	5.29436579903564e-05	3	110413_SN350_0011_B81PR9ABXX	7	GGCTAC
LT203446LL	8863763	8386140	8028356	6701757	6089177	0.100303814322787	0.000213780260403862	1	0.0517268214513076	9.36234608115427e-05	3	110413_SN350_0011_B81PR9ABXX	7	CAGATC
LT044225RL	10211975	9916375	9564380	7497727	6734155	0.100261533500984	0.000171499438601508	1	0.0517323254297533	9.91274392572183e-05	3	110413_SN350_0011_B81PR9ABXX	7	GCCAAT
LT253371RL	17459337	16914518	16451846	11874054	10553287	0.100172004965205	8.19709028223592e-05	1	0.0517240719152934	9.08739247973411e-05	3	110413_SN350_0011_B81PR9ABXX	7	TGACCA
LT095342LU	10424269	9796998	9362521	8477643	8002684	0.100051023836815	-3.90102255676261e-05	1	0.0516041779990171	-2.90199914789735e-05	3	110413_SN350_0011_B81PR9ABXX	7	ACTTGA
LT067200LU	7142994	6764882	6323158	5248761	4636506	0.100322069464139	0.000232035401756203	1	0.0517438496468776	0.000110651656381577	3	110413_SN350_0011_B81PR9ABXX	7	ACAGTG
LT041389RL	3602326	3388564	3271860	2796022	2515572	0.100273124931175	0.000183090868792313	1	0.0517211674486855	8.79694581894519e-05	3	110413_SN350_0011_B81PR9ABXX	7	ATCACG
LT121014LL	7430735	6752514	6509458	5747943	5344512	0.100191332537217	0.000101298474834532	1	0.0516723085531041	3.91105626080801e-05	3	110413_SN350_0011_B81PR9ABXX	7	GATCAG
LT213735RU	8397584	8181205	7886435	6124807	5488860	0.100213797140051	0.000123763077668482	1	0.0517254509278378	9.22529373417191e-05	3	110413_SN350_0011_B81PR9ABXX	8	CGATGT
LT024967LU	12496563	12015876	11667558	7609697	6325019	0.099971645768425	-0.000118388293957938	1	0.0516646923223463	3.14943318502348e-05	3	110413_SN350_0011_B81PR9ABXX	8	TAGCTT
LT271100LU	8645968	8240984	7776089	6568964	5853855	0.100312253853822	0.000222219791438771	1	0.0517467603819715	0.000113562391475419	3	110413_SN350_0011_B81PR9ABXX	8	GGCTAC
LT021461RM	8321564	8079092	7872989	4741792	3889047	0.0998171134050154	-0.000272920657367504	1	0.0516654955771094	3.22975866133834e-05	3	110413_SN350_0011_B81PR9ABXX	8	CAGATC
LT063974LL	9785164	9550451	9228420	7786656	7066391	0.100266828929115	0.000176794866731722	1	0.051727184477375	9.3986486878972e-05	3	110413_SN350_0011_B81PR9ABXX	8	GCCAAT
LT286644RL	9780004	9344021	8987811	7617074	6844281	0.100286664971057	0.000196630908673612	1	0.0517362807031811	0.00010308271268511	3	110413_SN350_0011_B81PR9ABXX	8	TGACCA
LT056024RL	11547396	11145039	10716697	9566336	8721222	0.100217950748614	0.000127916686231355	1	0.0517172470160765	8.40490255804571e-05	3	110413_SN350_0011_B81PR9ABXX	8	ACTTGA
LT102131RL	5266781	4925354	4699853	3044964	2313724	0.100074557133104	-1.54769292786128e-05	1	0.051633930153739	7.32163242922468e-07	3	110413_SN350_0011_B81PR9ABXX	8	ACAGTG
LT028427LU	8851172	8441101	8047961	6559174	5840772	0.100289180733087	0.000199146670704309	1	0.0517238290640538	9.06310735577787e-05	3	110413_SN350_0011_B81PR9ABXX	8	ATCACG
LT205601LL	2274950	2203806	2118069	1259916	1017227	0.0998218463684433	-0.000268187693939659	1	0.0516695451145688	3.63471240727442e-05	3	110413_SN350_0011_B81PR9ABXX	8	GATCAG
LT221782LL	5723432	5610487	5090589	4355117	3826434	0.100264801031638	0.000174766969255558	1	0.051750488786076	0.000117290795579983	3	110715_SN350_0048_B81NENABXX	1	CGATGT
LT139051LU	12381289	12150067	11313581	9794674	8614952	0.100271253571285	0.000181219508902153	1	0.0517319890864125	9.8791095916484e-05	3	110715_SN350_0048_B81NENABXX	1	TAGCTT
LT131887LL	6385944	6236067	5927517	5302657	4807772	0.100219346687316	0.00012931262493332	1	0.0517081071501271	7.49091596310425e-05	3	110715_SN350_0048_B81NENABXX	1	GGCTAC
LT043798LU	5118977	5030893	4795730	2761051	2137144	0.0998581552067748	-0.000231878855608159	1	0.0515725875346906	-6.06104558054099e-05	3	110715_SN350_0048_B81NENABXX	1	TGACCA
LT100654RL	4309196	4254011	4096640	3008274	2658686	0.100302567521716	0.000212533459333031	1	0.051744312138587	0.000111114148090952	3	110715_SN350_0048_B81NENABXX	1	GCCAAT
LT230142RL	9195130	9071792	8524711	7403063	6609879	0.100275603246554	0.000185569184171452	1	0.05172923249229	9.60345017939623e-05	3	110715_SN350_0048_B81NENABXX	1	CAGATC
LT216500LU	7438364	7332154	7009755	5189090	4473776	0.100304635613957	0.000214601551573601	1	0.0517425628012222	0.000109364810726209	3	110715_SN350_0048_B81NENABXX	1	ACTTGA
LT001098RU	6033857	5921456	5638130	5042028	4585725	0.100211057971668	0.000121023909284812	1	0.0516974074233905	6.42094328944243e-05	3	110715_SN350_0048_B81NENABXX	1	ACAGTG
LT021748RL	4697354	4628710	4296080	3549237	3128987	0.100308957826396	0.000218923764013557	1	0.0517424484486304	0.000109250458134369	3	110715_SN350_0048_B81NENABXX	1	ATCACG
LT243058RU	7993613	7851567	7374046	6634495	5999093	0.100209709248779	0.000119675186396329	1	0.051727679604807	9.4481614310915e-05	3	110715_SN350_0048_B81NENABXX	1	GATCAG
LT196677RU	5975009	5954403	5709141	5223277	4816486	0.100154700157966	6.46660955827549e-05	1	0.0516874408536161	5.42428631200575e-05	3	110715_SN350_0048_B81NENABXX	2	CGATGT
LT269381RU	6104275	6081552	5836406	3575846	3000836	0.100052163964999	-3.78700973842072e-05	1	0.0517140848718616	8.08868813655383e-05	3	110715_SN350_0048_B81NENABXX	2	TAGCTT
LT222702LL	8759666	8711059	8295120	6491336	5184709	0.100171357926308	8.13238639252312e-05	1	0.0515314471445096	-0.000101750845986404	3	110715_SN350_0048_B81NENABXX	2	GGCTAC
LT178967RL	6275884	6244884	5806427	3855934	3155799	0.10016471044238	7.46763799974737e-05	1	0.0517221888389536	8.8990848457593e-05	3	110715_SN350_0048_B81NENABXX	2	TGACCA
LT022251RL	6962831	6917009	6624993	6304910	5924569	0.100002216575043	-8.78174873402138e-05	1	0.0516398076929592	6.60970246313397e-06	3	110715_SN350_0048_B81NENABXX	2	GCCAAT
LT282601LL	4141042	4121079	3880652	3532371	3187114	0.100209549293182	0.000119515230799561	1	0.051728504175772	9.53061852759785e-05	3	110715_SN350_0048_B81NENABXX	2	CAGATC
LT270821RU	5270095	5248020	4936677	3962909	3510766	0.100328505667739	0.000238471605356061	1	0.0517353978382218	0.000102199847725748	3	110715_SN350_0048_B81NENABXX	2	ACTTGA
LT152653LU	3900223	3884967	3739703	2647950	2310413	0.100278203889352	0.000188169826969009	1	0.0517486358105943	0.000115437820098263	3	110715_SN350_0048_B81NENABXX	2	ACAGTG
LT249811RU	6956377	6917243	6446727	5498371	4917748	0.100274082160957	0.000184048098574419	1	0.0517251077661318	9.1909775635779e-05	3	110715_SN350_0048_B81NENABXX	2	ATCACG
LT090666LI	3175792	3160568	2873374	2430678	2109743	0.100248006361067	0.000157972298684417	1	0.0517299495338499	9.6751543353868e-05	3	110715_SN350_0048_B81NENABXX	2	GATCAG
LT274443LU	7297899	7177480	6663938	5971282	5309267	0.100157643358195	6.76092958125096e-05	1	0.051681006373373	4.78083828769904e-05	3	110715_SN350_0048_B81NENABXX	3	CGATGT
LT059721LU	5728215	5641933	5156354	4532789	4089790	0.100191294110079	0.000101260047695728	1	0.0516851437449568	5.19457544607693e-05	3	110715_SN350_0048_B81NENABXX	3	TAGCTT
LT228772LL	7998407	7919923	7541796	6047796	5365044	0.100322898807095	0.000232864744712291	1	0.0517292592748484	9.60612843523556e-05	3	110715_SN350_0048_B81NENABXX	3	GGCTAC
LT160089RU	3135622	3071944	2859745	2328972	2012294	0.100328430881305	0.000238396818921682	1	0.05174185490713	0.000108656916633976	3	110715_SN350_0048_B81NENABXX	3	TGACCA
LT084038RM	8447149	8331825	7766495	6506711	5793132	0.100290500308258	0.000200466245875219	1	0.051740955861449	0.000107757870952963	3	110715_SN350_0048_B81NENABXX	3	GCCAAT
LT217339RL	5040083	4984784	4634747	4210239	3836541	0.100151791403021	6.1757340638291e-05	1	0.0517044998857843	7.1301895288256e-05	3	110715_SN350_0048_B81NENABXX	3	CAGATC
LT253131RU	4954106	4900644	4630847	3978856	3581858	0.100263794191797	0.00017376012941428	1	0.0517178945867935	8.46965962975066e-05	3	110715_SN350_0048_B81NENABXX	3	ACTTGA
LT236557RL	6433258	6383670	6074034	4068023	3354963	0.100160958378308	7.09243159251471e-05	1	0.0517162310860904	8.30330955943204e-05	3	110715_SN350_0048_B81NENABXX	3	ACAGTG
LT118519RL	4381700	4313392	4019793	3757000	3383754	0.10008616139794	-3.87266444246137e-06	1	0.0517076366831739	7.44386926778695e-05	3	110715_SN350_0048_B81NENABXX	3	ATCACG
LT123131RL	4822641	4711038	4176085	3804877	3390348	0.100090269091671	2.3502928847563e-07	1	0.0517252869190459	9.20889285498383e-05	3	110715_SN350_0048_B81NENABXX	3	GATCAG
LT134776LL	4400920	4386141	4079069	3456616	3096467	0.100294364558628	0.000204330496244687	1	0.0517397122851884	0.000106514294692328	3	110715_SN350_0048_B81NENABXX	4	CGATGT
LT147658RU	4384755	4368852	4186491	3808134	3518547	0.10013818464064	4.81505782574665e-05	1	0.0516898179935508	5.66200030547304e-05	3	110715_SN350_0048_B81NENABXX	4	TAGCTT
LT199987LU	5041862	5019419	4729244	3651384	3123469	0.100302120891513	0.000212086829129987	1	0.051735987096674	0.000102789106178003	3	110715_SN350_0048_B81NENABXX	4	GGCTAC
LT168094RL	6755031	6660751	6308942	4535176	3565043	0.100190342046812	0.000100307984428838	1	0.0516350523574216	1.85436692556884e-06	3	110715_SN350_0048_B81NENABXX	4	TGACCA
LT050246RU	4591740	4564493	4293353	3815725	3314657	0.100211787524164	0.000121753461781005	1	0.0517353439105548	0.000102145920058749	3	110715_SN350_0048_B81NENABXX	4	GCCAAT
LT046103LU	4503118	4490946	4348122	2502269	1918622	0.0998471422869511	-0.000242891775431797	1	0.0515982100087475	-3.49879817485022e-05	3	110715_SN350_0048_B81NENABXX	4	CAGATC
LT022562LL	11877660	11791673	10887019	9747414	8380830	0.100149472283122	5.94382207390609e-05	1	0.0516695445817119	3.63465912158745e-05	3	110715_SN350_0048_B81NENABXX	4	ACTTGA
LT112597RU	8176251	8140742	7719040	6842324	6179444	0.100215272119489	0.000125238057106181	1	0.0517230468746521	8.98488841560852e-05	3	110715_SN350_0048_B81NENABXX	4	ACAGTG
LT290677RU	3700748	3690646	3469104	3096251	2863212	0.100149362210944	5.9328148561022e-05	1	0.0516559894949846	2.2791504488584e-05	3	110715_SN350_0048_B81NENABXX	4	ATCACG
LT264690LU	4502716	4484768	4132865	3764475	3387576	0.100128027201846	3.79931394633992e-05	1	0.051707750510313	7.45525198169172e-05	3	110715_SN350_0048_B81NENABXX	4	GATCAG
LT100821RL	7549306	7241192	6865831	5226438	4506092	0.100291999551779	0.000201965489396549	1	0.0516832911086682	5.00931181721676e-05	3	110715_SN350_0048_B81NENABXX	5	CGATGT
LT184423LL	4381495	4258529	4101728	3748740	3446993	0.100098384356744	8.35029436085932e-06	1	0.0516940795938705	6.08816033744741e-05	3	110715_SN350_0048_B81NENABXX	5	TAGCTT
LT188161LL	5607024	5386968	4995906	4050400	3453667	0.100300294349103	0.000210260286719777	1	0.051744578138424	0.000111380147927997	3	110715_SN350_0048_B81NENABXX	5	GGCTAC
LT148377LU	4305817	4242576	4088165	3395758	3039525	0.100326603727684	0.000236569665300834	1	0.0517482209460627	0.000115022955566646	3	110715_SN350_0048_B81NENABXX	5	TGACCA
LT089451RU	6136614	6104900	5981077	2468218	1506789	0.0988555269025908	-0.00123450715979212	4	0.0509238791599986	-0.000709318830497407	2	110715_SN350_0048_B81NENABXX	5	GCCAAT
LT070403LL	4541608	4435152	4264473	3195780	2729156	0.100293688929904	0.000203654867520608	1	0.0517437657772113	0.000110567786715254	3	110715_SN350_0048_B81NENABXX	5	CAGATC
LT244824RU	5043897	5021972	4866245	2997336	2482342	0.100019662996554	-7.03710658287449e-05	1	0.05163990676185	6.70877135400261e-06	3	110715_SN350_0048_B81NENABXX	5	ACTTGA
LT158647RU	5188939	5056609	4835963	4081469	3707960	0.10027232956275	0.000182295500367413	1	0.0517047827346184	7.15847441223882e-05	3	110715_SN350_0048_B81NENABXX	5	ACAGTG
LT195522RU	6358189	6258105	6108264	5268805	4849812	0.100250772293544	0.00016073823116125	1	0.0517153671443435	8.21691538475111e-05	3	110715_SN350_0048_B81NENABXX	5	ATCACG
LT111916LL	3335526	3250031	3156391	1566854	1164788	0.0995982011588876	-0.000491832903495304	1	0.0515400340605703	-9.31639299257547e-05	3	110715_SN350_0048_B81NENABXX	5	GATCAG
LT059865RU	6986627	6357605	5939632	4579873	3883153	0.100317686075871	0.000227652013487845	1	0.0517525345201855	0.000119336529689429	3	110715_SN350_0048_B81NENABXX	6	CGATGT
LT265662LU	6676533	6302962	6120282	5530908	5103230	0.100164353787599	7.43197252162098e-05	1	0.0517081423391099	7.49443486138812e-05	3	110715_SN350_0048_B81NENABXX	6	TAGCTT
LT102695LL	5105037	4679165	4393559	3931524	3530485	0.100194389911721	0.000104355849338322	1	0.0517003466626844	6.71486721883774e-05	3	110715_SN350_0048_B81NENABXX	6	GGCTAC
LT083491LU	6796514	6559271	6234338	5359014	4798931	0.100303170722026	0.000213136659643176	1	0.0517427506954578	0.000109552704961713	3	110715_SN350_0048_B81NENABXX	6	TGACCA
LT229669RU	6668028	6338193	6112549	4782789	4174075	0.100309451438419	0.000219417376035924	1	0.0517353971890673	0.00010219919857124	3	110715_SN350_0048_B81NENABXX	6	GCCAAT
LT234774LU	7136552	6757107	6413238	4712151	3900838	0.100240547407666	0.000150513345283265	1	0.0517234666917183	9.02687012223069e-05	3	110715_SN350_0048_B81NENABXX	6	CAGATC
LT128262RU	7737795	7636290	7490078	2414955	1313093	0.0982603630145107	-0.00182967104787224	4	0.050284806471359	-0.00134839151913702	2	110715_SN350_0048_B81NENABXX	6	ACTTGA
LT107185RU	6872482	6570639	6396880	4101266	3391687	0.100077055634832	-1.29784275508804e-05	1	0.0516966141625812	6.34161720851623e-05	3	110715_SN350_0048_B81NENABXX	6	ACAGTG
LT144769RL	6430054	6069185	5665174	4831400	4326298	0.100281677249045	0.000191643186661761	1	0.0517248631250349	9.1665134538843e-05	3	110715_SN350_0048_B81NENABXX	6	ATCACG
LT019699RL	5481247	5271469	5071446	2873294	2252811	0.099850897276358	-0.000239136786024829	1	0.0515932883935615	-3.9909596934562e-05	3	110715_SN350_0048_B81NENABXX	6	GATCAG
LT125521LL-2	6102870	6054220	5946097	4694560	3943538	0.100057238208185	-3.27958541976869e-05	1	0.0515601823139378	-7.30156765582635e-05	3	110715_SN350_0048_B81NENABXX	7	CGATGT
LT159988RL	9089506	8999462	8745772	5751774	4651992	0.100010584125666	-7.94499367171575e-05	1	0.0516208443523243	-1.23536381717582e-05	3	110715_SN350_0048_B81NENABXX	7	TAGCTT
LT119300LU	6253180	6197092	6012693	3797372	3020036	0.10005050005736	-3.95340050229898e-05	1	0.0516671534664084	3.39554759123395e-05	3	110715_SN350_0048_B81NENABXX	7	GGCTAC
LT126327LU	7907815	7816692	7509056	6199807	5579624	0.100298167503869	0.000208133441485625	1	0.0517054341686884	7.22361781924086e-05	3	110715_SN350_0048_B81NENABXX	7	TGACCA
LT228897LL	3501854	3463099	3351163	2735395	2411796	0.100301748983192	0.000211714920809403	1	0.0517268655628045	9.36675723084424e-05	3	110715_SN350_0048_B81NENABXX	7	GCCAAT
LT112491RM	8998654	8943505	8455969	6829558	5812917	0.100292875268196	0.00020284120581282	1	0.0517450013627216	0.000111803372225605	3	110715_SN350_0048_B81NENABXX	7	CAGATC
LT134719RU	6816715	6756790	6541839	3615212	2666304	0.0997904215877088	-0.000299612474674138	1	0.0514763863126997	-0.000156811677796354	2	110715_SN350_0048_B81NENABXX	7	ACTTGA
LT238765RL	3261050	3248003	3128811	2138740	1810189	0.100241162412255	0.000151128349871854	1	0.0517527645518394	0.000119566561343376	3	110715_SN350_0048_B81NENABXX	7	ACAGTG
LT128191LL	7138352	6942952	6708912	5591274	5101738	0.100248173422866	0.000158139360483478	1	0.0516928956390892	5.96976485931489e-05	3	110715_SN350_0048_B81NENABXX	7	ATCACG
LT221983RM	4776400	4696498	4569538	3378790	2899978	0.100261861279143	0.000171827216759901	1	0.0517191231789931	8.5925188497038e-05	3	110715_SN350_0048_B81NENABXX	7	GATCAG
LT211455LU	6891257	6762804	6230196	4974078	4190952	0.10028770418717	0.000197670124787219	1	0.0517279211039121	9.4723113416073e-05	3	110715_SN350_0048_B81NENABXX	8	CGATGT
LT174536LU	6244057	6237910	6108899	2190337	1302564	0.0986160317167428	-0.0014740023456401	4	0.0507398032382309	-0.00089339475226513	2	110715_SN350_0048_B81NENABXX	8	TAGCTT
LT203541RU	6490545	6457901	6017392	4603021	3915201	0.100322645112339	0.000232611049956422	1	0.0517574303928057	0.000124232402309632	3	110715_SN350_0048_B81NENABXX	8	GGCTAC
LT195192RL	6273615	6117765	5888803	4102990	3491944	0.100199142454347	0.00010910839196443	1	0.0516930925357819	5.98945452858768e-05	3	110715_SN350_0048_B81NENABXX	8	TGACCA
LT056464LL	4910981	4736684	4525093	4060122	3735661	0.100098782136371	8.74807398831834e-06	1	0.0516190044317284	-1.41935587676389e-05	3	110715_SN350_0048_B81NENABXX	8	GCCAAT
LT271679LU	3620048	3589827	3466753	2935702	2647256	0.100228918498633	0.000138884436250208	1	0.0516665727499359	3.33747594398748e-05	3	110715_SN350_0048_B81NENABXX	8	CAGATC
LT212777RU	4668839	4589632	4455724	3643994	3306649	0.100307372148981	0.000217338086598406	1	0.051728622195671	9.54242051749432e-05	3	110715_SN350_0048_B81NENABXX	8	ACTTGA
LT299181LU	6585267	6209596	5809053	4884083	4204148	0.100272091030346	0.000182056967963362	1	0.0516893566089986	5.61586185026108e-05	3	110715_SN350_0048_B81NENABXX	8	ACAGTG
LT145196LU	2593271	2553502	2514286	995281	598886	0.0987979883354595	-0.00129204572692343	4	0.0508118630108867	-0.000821334979609345	2	110715_SN350_0048_B81NENABXX	8	ATCACG
LT167906LL	5358215	5324455	5085109	4248775	3680692	0.100300858626737	0.000210824564353729	1	0.0516922884554067	5.90904649107049e-05	3	110715_SN350_0048_B81NENABXX	8	GATCAG
