ID	Disease	Control	ILD	COPD	Smoke	Race	Cancer	Gender	Age	Emphysema	Pack_Years	FEV1_Percent	FEV1_FVC	BODE	DLCO	Total_Reads	Reads_aligned	Mirna_Reads	Flow_Cell	Index	Lane	Protocol	Sample_Cluster
LT187987LL	LT187987LL	1	0	1	0	3	1	2	1	72	1.139	NA	58	0.8	3	43	24289362	18621072	13026104	100804_HWUSI-EAS1671_0006_61DM7AAXX	NA	1	Singleplex	5
LT166493RM	LT166493RM	1	0	1	0	2	1	2	2	74	NA	14	87	0.9	2	68	25268350	20344329	16129407	100804_HWUSI-EAS1671_0006_61DM7AAXX	NA	2	Singleplex	5
LT109321RL	LT109321RL	1	0	1	0	2	1	2	2	65	0.042	24	81	0.9	5	66	24580035	20466995	16706674	100804_HWUSI-EAS1671_0006_61DM7AAXX	NA	3	Singleplex	5
LT104717LL	LT104717LL	1	0	1	0	2	1	2	1	37	0.193	4	39	0.8	7	16	24533037	20434451	16694022	100804_HWUSI-EAS1671_0006_61DM7AAXX	NA	5	Singleplex	4
LT185066RL	LT185066RL	1	0	1	0	NA	3	NA	1	40	NA	NA	32	0.9	9	NA	26337131	18963167	15616857	100804_HWUSI-EAS1671_0006_61DM7AAXX	NA	6	Singleplex	4
LT291578RU	LT291578RU	2	0	0	1	2	1	2	1	53	59.916	80	19	0.2	8	16	25768359	19501527	16037339	100804_HWUSI-EAS1671_0006_61DM7AAXX	NA	7	Singleplex	3
LT075094LU	LT075094LU	0	1	0	0	2	1	1	2	67	NA	5	97	0.8	2	66	26005922	21515764	15821455	100804_HWUSI-EAS1671_0006_61DM7AAXX	NA	8	Singleplex	1
LT051568RU	LT051568RU	2	0	0	1	2	1	2	1	70	0.623	18	44	0.6	4	103	22572449	16632493	13349821	100825_HWUSI-EAS1671_0007_61DKJAAXX	NA	1	Singleplex	1
LT194990RU	LT194990RU	2	0	0	1	2	1	2	2	63	57.864	44	16	0.2	7	NA	21901957	17208385	14509114	100825_HWUSI-EAS1671_0007_61DKJAAXX	NA	2	Singleplex	1
LT132314LI	LT132314LI	0	1	0	0	2	1	1	1	60	0.497	25	94	0.8	0	104	23930923	17460901	12780291	100825_HWUSI-EAS1671_0007_61DKJAAXX	NA	3	Singleplex	2
LT030041RU	LT030041RU	2	0	0	1	2	1	3	1	64	NA	80	77	0.5	1	77	24617171	16746906	11774688	100825_HWUSI-EAS1671_0007_61DKJAAXX	NA	5	Singleplex	5
LT125775RL	LT125775RL	2	0	0	1	2	1	1	2	58	NA	45	73	0.7	1	57	23338022	20632664	16882049	100825_HWUSI-EAS1671_0007_61DKJAAXX	NA	6	Singleplex	2
LT055745RU	LT055745RU	0	1	0	0	2	1	1	1	65	1.173	60	85	0.7	1	81	23986850	18811626	15399913	100825_HWUSI-EAS1671_0007_61DKJAAXX	NA	7	Singleplex	3
LT148286LL	LT148286LL	0	1	0	0	2	1	2	1	74	NA	75	83	0.7	0	58	22834831	18391017	15224980	100825_HWUSI-EAS1671_0007_61DKJAAXX	NA	8	Singleplex	1
LT219681RL	LT219681RL	1	0	1	0	3	1	2	2	62	7.246	NA	36	0.7	7	30	24913252	19314203	15807484	100830_HWUSI-EAS1671_0008_61DHAAAXX	NA	1	Singleplex	1
LT009615LU	LT009615LU	0	1	0	0	2	1	2	2	49	NA	45	105	0.7	0	102	25307165	18332298	14195361	100830_HWUSI-EAS1671_0008_61DHAAAXX	NA	2	Singleplex	2
LT132625RU	LT132625RU	2	0	0	1	2	1	2	2	63	51.431	120	24	0.3	6	17	24885076	19052215	13546613	100830_HWUSI-EAS1671_0008_61DHAAAXX	NA	3	Singleplex	2
LT106997RU	LT106997RU	0	1	0	0	3	1	2	2	71	0.203	NA	104	0.8	0	108	21356853	13703866	10761280	100830_HWUSI-EAS1671_0008_61DHAAAXX	NA	5	Singleplex	2
LT265199LU	LT265199LU	2	0	0	1	2	1	2	1	75	4.195	62	44	0.5	2	75	24921396	17559859	13850043	100830_HWUSI-EAS1671_0008_61DHAAAXX	NA	6	Singleplex	3
LT282467LL	LT282467LL	2	0	0	1	2	1	3	1	59	5.4	80	36	0.4	6	78	25883346	19183508	14760052	100830_HWUSI-EAS1671_0008_61DHAAAXX	NA	7	Singleplex	1
LT152979LL	LT152979LL	2	0	0	1	2	1	2	2	61	17.813	20	51	0.4	1	47	26047833	18758837	13751565	100830_HWUSI-EAS1671_0008_61DHAAAXX	NA	8	Singleplex	4
LT010491LL	LT010491LL	2	0	0	1	2	1	2	1	78	3.767	51	73	0.6	1	66	23985173	17544968	12944746	100910_HWUSI-EAS1671_0009_61DHLAAXX	NA	7	Singleplex	1
LT235584LU	LT235584LU	2	0	0	1	2	1	2	1	60	61.256	20	19	0.2	6	35	25082178	18087506	13620799	100910_HWUSI-EAS1671_0009_61DHLAAXX	NA	8	Singleplex	2
LT023631RU	LT023631RU	0	1	0	0	2	3	3	2	49	0.009	18	97	0.8	0	63	22430182	15589359	12063603	100917_HWUSI-EAS1671_0010_61DM9AAXX	NA	8	Singleplex	1
LT262496LU	LT262496LU	2	0	0	1	2	1	2	2	59	44.444	50	16	0.4	6	NA	26575569	22027959	18955335	101001_HWUSI-EAS1671_00012_FC_62M1GAAXX	NA	1	Singleplex	2
LT126571RU	LT126571RU	2	0	0	1	2	1	2	1	44	41.796	15	40	2.4	5	52	26780993	21048712	17270520	101001_HWUSI-EAS1671_00012_FC_62M1GAAXX	NA	2	Singleplex	2
LT056627RU	LT056627RU	2	0	0	1	2	1	3	1	69	2.533	68	25	0.4	4	56	30685534	21764453	16082590	101001_HWUSI-EAS1671_00012_FC_62M1GAAXX	NA	3	Singleplex	5
LT100984RL	LT100984RL	2	0	0	1	2	1	2	1	72	NA	90	34	0.6	4	86	30659682	19817560	13896711	101001_HWUSI-EAS1671_00012_FC_62M1GAAXX	NA	5	Singleplex	3
LT168219RL	LT168219RL	1	0	1	0	2	1	2	1	76	0.641	11	65	0.9	3	47	28862858	17294077	12134792	101001_HWUSI-EAS1671_00012_FC_62M1GAAXX	NA	6	Singleplex	4
LT092669LU	LT092669LU	1	0	1	0	2	1	2	2	70	0.746	9	93	0.9	0	38	28467981	22703664	19193830	101001_HWUSI-EAS1671_00012_FC_62M1GAAXX	NA	7	Singleplex	5
LT010012LU	LT010012LU	0	1	0	0	NA	1	NA	2	61	NA	NA	82	0.8	3	66	27557990	18696403	15379187	101001_HWUSI-EAS1671_00012_FC_62M1GAAXX	NA	8	Singleplex	3
LT113077LL	LT113077LL	2	0	0	1	2	1	2	1	66	1.95	75	64	0.6	2	68	27567231	19993443	16697537	101006_HWUSI-EAS1671_00013_FC_62M1HAAXX	NA	1	Singleplex	2
LT178307RU	LT178307RU	0	1	0	0	3	1	2	1	57	0.006	NA	84	0.9	2	88	29864002	22281830	17700698	101006_HWUSI-EAS1671_00013_FC_62M1HAAXX	NA	2	Singleplex	1
LT042988LU	LT042988LU	2	0	0	1	2	1	2	1	56	NA	60	16	0.5	8	NA	28782865	18953415	13925440	101006_HWUSI-EAS1671_00013_FC_62M1HAAXX	NA	3	Singleplex	3
LT003990RU	LT003990RU	0	1	0	0	2	1	1	1	59	0.864	35	77	0.8	0	78	28230934	19911804	16627752	101006_HWUSI-EAS1671_00013_FC_62M1HAAXX	NA	5	Singleplex	1
LT242420LU	LT242420LU	2	0	0	1	2	1	2	1	63	57.907	84	14	0.2	7	24	29621170	19841122	14505677	101006_HWUSI-EAS1671_00013_FC_62M1HAAXX	NA	6	Singleplex	2
LT137431RL	LT137431RL	1	0	1	0	2	1	2	1	53	1.465	33	57	0.8	5	22	28960523	23924115	20000637	101006_HWUSI-EAS1671_00013_FC_62M1HAAXX	NA	7	Singleplex	5
LT231373LU	LT231373LU	1	0	1	0	3	1	2	1	67	NA	NA	75	0.9	1	41	29032597	22457970	17736529	101006_HWUSI-EAS1671_00013_FC_62M1HAAXX	NA	8	Singleplex	5
LT046027RL	LT046027RL	0	1	0	0	NA	1	NA	1	77	NA	NA	80	0.7	3	84	28120312	19767164	16082277	101013_HWUSI-EAS1671_00014_FC_62M1PAAXX	NA	1	Singleplex	1
LT211728RU	LT211728RU	2	0	0	1	2	1	1	1	79	0.974	65	69	0.6	0	NA	29773847	18566492	14078360	101013_HWUSI-EAS1671_00014_FC_62M1PAAXX	NA	2	Singleplex	2
LT157253RL	LT157253RL	1	0	1	0	2	1	1	1	70	0.016	74	63	0.9	5	41	27774485	17109030	11176784	101013_HWUSI-EAS1671_00014_FC_62M1PAAXX	NA	3	Singleplex	5
LT024952RU	LT024952RU	2	0	0	1	2	1	2	2	61	NA	15	16	0.3	6	NA	28328262	22530733	18375698	101013_HWUSI-EAS1671_00014_FC_62M1PAAXX	NA	5	Singleplex	1
LT058156LU	LT058156LU	0	1	0	0	2	1	2	2	65	NA	27	97	0.7	3	80	27957798	24037824	21088521	101013_HWUSI-EAS1671_00014_FC_62M1PAAXX	NA	6	Singleplex	3
LT145086RU	LT145086RU	2	0	0	1	2	1	2	2	56	42.793	50	21	0.3	8	NA	26889476	16650689	13402523	101013_HWUSI-EAS1671_00014_FC_62M1PAAXX	NA	7	Singleplex	1
LT294945LU	LT294945LU	2	0	0	1	2	1	2	2	52	NA	1	15	0.6	6	NA	28781090	22626723	18167424	101013_HWUSI-EAS1671_00014_FC_62M1PAAXX	NA	8	Singleplex	2
LT135390LL	LT135390LL	1	0	1	0	2	1	2	2	60	5.934	18	77	0.8	2	NA	4693894	3913753	3501908	110705_SN350_0045_B81ND1ABXX	TAGCTT	1	Multiplex	2
LT045346RU	LT045346RU	2	0	0	1	2	3	2	1	72	22.153	45	32	0.4	6	45	6181172	5050218	4429890	110705_SN350_0045_B81ND1ABXX	CAGATC	1	Multiplex	3
LT163513RL	LT163513RL	0	1	0	0	3	1	2	2	47	NA	NA	98	0.9	1	104	14374222	7877654	6083794	110705_SN350_0045_B81ND1ABXX	GCCAAT	1	Multiplex	1
LT109097LL	LT109097LL	1	0	1	0	3	1	2	1	49	0.001	NA	43	0.8	3	34	5388110	4072300	3479835	110705_SN350_0045_B81ND1ABXX	TGACCA	1	Multiplex	4
LT155982RU	LT155982RU	2	0	0	1	2	1	2	2	48	46.559	28	20	0.5	8	31	7359529	5559451	4789828	110705_SN350_0045_B81ND1ABXX	TTAGGC	1	Multiplex	1
LT131432RU	LT131432RU	2	0	0	1	2	1	3	1	68	6.715	75	70	0.6	0	61	6941973	5876666	5216046	110705_SN350_0045_B81ND1ABXX	ACTTGA	1	Multiplex	1
LT059975LU	LT059975LU	2	0	0	1	2	1	1	2	60	14.325	30	43	0.4	5	NA	8328971	6139671	5261049	110705_SN350_0045_B81ND1ABXX	ACAGTG	1	Multiplex	3
LT156171LL	LT156171LL	0	1	0	0	2	1	3	1	75	0.193	20	97	0.8	0	93	6867672	4386116	3609726	110705_SN350_0045_B81ND1ABXX	ATCACG	1	Multiplex	2
LT001600RL	LT001600RL	1	0	1	0	2	1	2	1	54	1.903	20	40	0.8	8	16	4552439	3821650	3345470	110705_SN350_0045_B81ND1ABXX	GATCAG	1	Multiplex	4
LT245084RU	LT245084RU	2	0	0	1	1	1	3	1	46	0.258	45	48	0.5	5	45	7216883	5537520	4744925	110705_SN350_0045_B81ND1ABXX	CGATGT	2	Multiplex	2
LT275526RU	LT275526RU	1	0	1	0	2	1	2	1	49	0.439	38	49	0.8	3	NA	4325835	3537089	3117503	110705_SN350_0045_B81ND1ABXX	TAGCTT	2	Multiplex	5
LT175399RU	LT175399RU	1	0	1	0	2	3	2	2	64	0.241	20	82	0.9	2	35	5611448	4254060	3685028	110705_SN350_0045_B81ND1ABXX	CAGATC	2	Multiplex	5
LT173946RL	LT173946RL	1	0	1	0	3	1	2	2	70	0.35	NA	94	0.9	1	NA	6308287	4634808	4019880	110705_SN350_0045_B81ND1ABXX	GCCAAT	2	Multiplex	2
LT156481LL	LT156481LL	0	1	0	0	NA	1	NA	2	60	NA	NA	102	0.8	3	84	7766384	6563975	5954975	110705_SN350_0045_B81ND1ABXX	TGACCA	2	Multiplex	3
LT130350RU	LT130350RU	2	0	0	1	3	1	2	1	51	43.768	NA	20	0.4	8	43	5456820	4387642	3969359	110705_SN350_0045_B81ND1ABXX	TTAGGC	2	Multiplex	3
LT038591LU	LT038591LU	2	0	0	1	2	1	2	2	49	NA	60	22	0.3	8	NA	3029038	2490890	2160725	110705_SN350_0045_B81ND1ABXX	ACTTGA	2	Multiplex	4
LT093297LU	LT093297LU	0	1	0	0	2	1	2	2	62	3.311	70	83	0.7	1	76	10522378	5539505	4264596	110705_SN350_0045_B81ND1ABXX	ACAGTG	2	Multiplex	1
LT105618RL	LT105618RL	1	0	1	0	1	1	2	2	46	NA	30	57	0.8	3	46	9139690	4827576	3652058	110705_SN350_0045_B81ND1ABXX	ATCACG	2	Multiplex	3
LT025997RU	LT025997RU	2	0	0	1	2	3	2	1	67	40.046	45	76	0.7	3	20	2625925	2056813	1587504	110705_SN350_0045_B81ND1ABXX	GATCAG	2	Multiplex	4
LT046539RL	LT046539RL	1	0	1	0	3	1	2	2	45	0.063	NA	70	0.9	0	51	6338374	4613495	3978293	110705_SN350_0045_B81ND1ABXX	CGATGT	3	Multiplex	5
LT286056RU	LT286056RU	2	0	0	1	2	1	3	2	58	25.756	42	19	0.3	8	41	7418959	5624469	5032537	110705_SN350_0045_B81ND1ABXX	TAGCTT	3	Multiplex	3
LT020426LU	LT020426LU	2	0	0	1	2	1	1	1	62	0.248	120	46	0.6	2	82	9409136	8027228	7441177	110705_SN350_0045_B81ND1ABXX	CAGATC	3	Multiplex	1
LT195011RL	LT195011RL	1	0	1	0	2	2	2	1	46	NA	48	43	0.8	7	21	5284576	4432882	4061826	110705_SN350_0045_B81ND1ABXX	GCCAAT	3	Multiplex	5
LT002501RL	LT002501RL	2	0	0	1	2	1	1	1	65	6.168	60	46	0.5	4	36	7977410	6594537	6067377	110705_SN350_0045_B81ND1ABXX	TGACCA	3	Multiplex	2
LT081077RU	LT081077RU	2	0	0	1	2	1	1	1	69	3.297	182	67	0.5	0	96	5406983	4059825	3696583	110705_SN350_0045_B81ND1ABXX	TTAGGC	3	Multiplex	2
LT000216LL	LT000216LL	1	0	1	0	3	1	2	2	70	0.051	NA	56	0.9	4	36	6390288	4952952	4431983	110705_SN350_0045_B81ND1ABXX	ACTTGA	3	Multiplex	4
LT004173LL	LT004173LL	1	0	1	0	2	1	2	1	67	NA	20	26	0.9	7	17	6195690	5143615	4754609	110705_SN350_0045_B81ND1ABXX	ACAGTG	3	Multiplex	5
LT139649RU	LT139649RU	0	1	0	0	3	1	1	2	72	NA	NA	93	0.8	0	70	6297240	4614203	4017426	110705_SN350_0045_B81ND1ABXX	ATCACG	3	Multiplex	3
LT081282RM	LT081282RM	0	1	0	0	2	1	3	2	71	1.282	30	84	0.7	0	61	6570936	5118209	4663617	110705_SN350_0045_B81ND1ABXX	GATCAG	3	Multiplex	2
LT084406RU	LT084406RU	2	0	0	1	2	1	3	2	68	0.012	75	49	0.6	3	71	9696186	6124134	4840776	110705_SN350_0045_B81ND1ABXX	CGATGT	4	Multiplex	1
LT192758RU	LT192758RU	2	0	0	1	2	1	3	1	76	1.443	3	87	0.6	0	92	4463777	3353792	2913150	110705_SN350_0045_B81ND1ABXX	TAGCTT	4	Multiplex	2
LT287158LU	LT287158LU	1	0	1	0	3	1	2	2	73	0.012	NA	78	0.9	0	39	7198047	4730522	4003202	110705_SN350_0045_B81ND1ABXX	CAGATC	4	Multiplex	5
LT241811LL	LT241811LL	0	1	0	0	2	1	2	2	73	0.146	60	88	0.8	0	70	6879640	5859650	5391739	110705_SN350_0045_B81ND1ABXX	GCCAAT	4	Multiplex	1
LT233620RU	LT233620RU	2	0	0	1	2	1	2	1	64	47.431	90	45	0.4	3	39	6666099	5645149	5250060	110705_SN350_0045_B81ND1ABXX	TGACCA	4	Multiplex	3
LT140046RU	LT140046RU	2	0	0	1	2	1	3	1	66	14.493	35	34	0.4	3	47	7702163	5794537	5333669	110705_SN350_0045_B81ND1ABXX	TTAGGC	4	Multiplex	1
LT236045LL	LT236045LL	1	0	1	0	2	1	2	1	78	0.203	16	67	0.8	2	48	8891832	5773347	4868750	110705_SN350_0045_B81ND1ABXX	ACTTGA	4	Multiplex	4
LT056301LL	LT056301LL	1	0	1	0	2	1	2	1	73	0.69	1	83	0.8	1	56	6637434	5123592	4581355	110705_SN350_0045_B81ND1ABXX	ACAGTG	4	Multiplex	4
LT280560LU	LT280560LU	0	1	0	0	2	1	3	1	86	0.275	75	87	0.7	2	81	8037266	5828522	5197785	110705_SN350_0045_B81ND1ABXX	ATCACG	4	Multiplex	3
LT207073RU	LT207073RU	1	0	1	0	2	1	2	1	66	0.416	60	60	0.8	4	36	5199962	4311944	4003465	110705_SN350_0045_B81ND1ABXX	GATCAG	4	Multiplex	5
LT191020LI	LT191020LI	0	1	0	0	2	1	1	2	56	0.121	25	101	1.3	1	NA	14308448	10947009	9490947	110705_SN350_0045_B81ND1ABXX	CGATGT	5	Multiplex	1
LT030662LL	LT030662LL	1	0	1	0	2	1	2	2	50	0.323	8	80	0.9	3	69	14311295	10806540	9399010	110705_SN350_0045_B81ND1ABXX	TAGCTT	5	Multiplex	1
LT009099RL	LT009099RL	2	0	0	1	3	1	3	1	56	0.121	NA	88	0.8	0	102	21042106	12787779	10146913	110705_SN350_0045_B81ND1ABXX	CAGATC	5	Multiplex	1
LT147610LL	LT147610LL	1	0	1	0	3	1	2	2	51	0.008	NA	63	0.8	1	48	6873857	5485785	4855903	110705_SN350_0045_B81ND1ABXX	TGACCA	5	Multiplex	2
LT089723LL	LT089723LL	2	0	0	1	2	1	1	1	74	0.173	120	51	0.6	4	55	11859297	9927160	8924193	110705_SN350_0045_B81ND1ABXX	ACTTGA	5	Multiplex	1
LT082461RL	LT082461RL	1	0	1	0	3	1	2	2	66	NA	NA	57	0.8	3	41	7224201	5080819	4307542	110705_SN350_0045_B81ND1ABXX	ACAGTG	5	Multiplex	5
LT151920RL	LT151920RL	2	0	0	1	2	3	1	1	72	4.232	120	69	0.6	1	62	10904870	8952916	8115118	110705_SN350_0045_B81ND1ABXX	ATCACG	5	Multiplex	3
LT115840LL	LT115840LL	0	1	0	0	2	1	2	2	63	NA	9	108	0.8	0	86	5016235	3552557	3013288	110705_SN350_0045_B81ND1ABXX	CGATGT	6	Multiplex	1
LT279828RU	LT279828RU	1	0	1	0	2	1	2	1	72	0.793	45	68	0.9	2	36	4974569	3233394	2720896	110705_SN350_0045_B81ND1ABXX	CAGATC	6	Multiplex	5
LT162479RU	LT162479RU	2	0	0	1	2	1	2	2	70	31.664	50	33	0.5	8	22	5968193	4727276	4248642	110705_SN350_0045_B81ND1ABXX	GCCAAT	6	Multiplex	1
LT244399LU	LT244399LU	2	0	0	1	2	1	3	2	67	7.519	50	63	0.5	1	59	3642155	3200763	2884993	110705_SN350_0045_B81ND1ABXX	TGACCA	6	Multiplex	2
LT051993RU	LT051993RU	2	0	0	1	2	1	2	1	58	27.851	60	28	0.3	6	41	3954183	2945759	2619198	110705_SN350_0045_B81ND1ABXX	TTAGGC	6	Multiplex	1
LT191675RL	LT191675RL	1	0	1	0	2	1	2	2	69	0.032	10	78	0.8	4	53	3487035	2397462	2016108	110705_SN350_0045_B81ND1ABXX	ACTTGA	6	Multiplex	5
LT266817LL	LT266817LL	1	0	1	0	2	1	2	1	65	NA	55	59	0.9	3	44	2954249	2158061	1886213	110705_SN350_0045_B81ND1ABXX	ACAGTG	6	Multiplex	5
LT198741LU	LT198741LU	0	1	0	0	2	1	2	2	55	0.216	6	89	0.7	0	92	3160215	2736735	2482933	110705_SN350_0045_B81ND1ABXX	ATCACG	6	Multiplex	1
LT245983LU	LT245983LU	2	0	0	1	2	1	2	1	63	51.234	56	23	0.2	7	30	13686377	10905556	9657935	110705_SN350_0045_B81ND1ABXX	CGATGT	7	Multiplex	3
LT269763RL	LT269763RL	1	0	1	0	2	1	2	1	56	NA	8	82	0.8	4	18	15853670	14076455	13020240	110705_SN350_0045_B81ND1ABXX	TAGCTT	7	Multiplex	5
LT263636RU	LT263636RU	2	0	0	1	2	1	2	1	68	NA	80	26	0.3	7	48	12484830	7739360	6105148	110705_SN350_0045_B81ND1ABXX	CAGATC	7	Multiplex	3
LT238531RU	LT238531RU	2	0	0	1	1	1	2	2	55	26.531	40	79	0.6	0	66	14003718	11344955	10093604	110705_SN350_0045_B81ND1ABXX	GCCAAT	7	Multiplex	1
LT155318RL	LT155318RL	1	0	1	0	2	1	2	1	69	0.175	2	80	0.8	0	65	16105205	9817709	8055724	110705_SN350_0045_B81ND1ABXX	TGACCA	7	Multiplex	5
LT058319LU	LT058319LU	0	1	0	0	2	1	2	1	71	0.513	16	114	0.8	0	82	806826	245548	216656	110705_SN350_0045_B81ND1ABXX	TTAGGC	7	Multiplex	1
LT143944LL	LT143944LL	1	0	1	0	3	1	2	1	74	0.649	NA	88	0.8	3	54	907911	756512	668408	110705_SN350_0045_B81ND1ABXX	ACTTGA	7	Multiplex	5
LT185970RL	LT185970RL	2	0	0	1	2	1	3	2	78	0.847	20	63	0.5	3	96	1985304	1736182	1561484	110705_SN350_0045_B81ND1ABXX	ACAGTG	7	Multiplex	2
LT126767LL	LT126767LL	1	0	1	0	2	1	2	2	53	NA	30	64	0.9	5	34	6079599	4768385	4075979	110705_SN350_0045_B81ND1ABXX	ATCACG	7	Multiplex	3
LT013011LU	LT013011LU	0	1	0	0	3	1	1	2	51	NA	NA	83	0.8	0	95	10606987	9103036	8280909	110705_SN350_0045_B81ND1ABXX	GATCAG	7	Multiplex	1
LT113005RU	LT113005RU	2	0	0	1	2	1	2	1	71	14.057	180	66	0.6	5	30	10624165	6730500	5682416	110705_SN350_0045_B81ND1ABXX	CGATGT	8	Multiplex	4
LT181845RU	LT181845RU	0	1	0	0	3	1	2	2	69	0.558	NA	85	0.8	2	79	6401610	4097972	3364829	110705_SN350_0045_B81ND1ABXX	TAGCTT	8	Multiplex	1
LT166240RM	LT166240RM	0	1	0	0	2	1	2	1	74	NA	18	84	0.7	1	68	16729073	13529343	12520856	110705_SN350_0045_B81ND1ABXX	CAGATC	8	Multiplex	1
LT099879RL	LT099879RL	1	0	1	0	2	1	2	2	74	0.014	20	99	0.9	1	39	10212674	6480946	5498069	110705_SN350_0045_B81ND1ABXX	GCCAAT	8	Multiplex	4
LT017495RL	LT017495RL	1	0	1	0	1	1	2	1	55	NA	57	69	0.8	3	51	12900421	9181926	8118184	110705_SN350_0045_B81ND1ABXX	TGACCA	8	Multiplex	3
LT231101RL	LT231101RL	1	0	1	0	1	1	3	2	41	0.046	26	72	0.8	3	NA	13962353	7033000	5390464	110705_SN350_0045_B81ND1ABXX	TTAGGC	8	Multiplex	2
LT178929RL	LT178929RL	2	0	0	1	2	1	2	1	77	NA	144	93	0.7	0	72	6805369	5584277	5159806	110705_SN350_0045_B81ND1ABXX	ACTTGA	8	Multiplex	2
LT038075LL	LT038075LL	2	0	0	1	2	1	3	2	53	8.16	4	108	0.8	0	103	6752698	5270274	4630472	110705_SN350_0045_B81ND1ABXX	ACAGTG	8	Multiplex	1
LT080750LL	LT080750LL	1	0	1	0	3	1	2	1	70	NA	NA	115	0.8	0	51	7091959	4775120	3949633	110705_SN350_0045_B81ND1ABXX	ATCACG	8	Multiplex	5
LT221510LU	LT221510LU	2	0	0	1	2	1	1	2	67	1.384	40	43	0.6	3	64	8909864	6645602	5828700	110705_SN350_0045_B81ND1ABXX	GATCAG	8	Multiplex	3
LT002410RM	LT002410RM	1	0	1	0	2	1	3	1	52	0.03	0	56	0.9	4	63	6753319	5125003	4617358	110329_SN350_0010_B81NC1ABXX	CGATGT	1	Multiplex	2
LT175949LL	LT175949LL	2	0	0	1	2	1	1	1	74	6.234	40	79	0.6	0	91	4831502	4070073	3698642	110329_SN350_0010_B81NC1ABXX	TAGCTT	1	Multiplex	1
LT190870RU	LT190870RU	0	1	0	0	3	1	2	2	74	NA	NA	85	0.7	0	103	5249968	4258675	3890466	110329_SN350_0010_B81NC1ABXX	CAGATC	1	Multiplex	1
LT150340LU	LT150340LU	2	0	0	1	1	1	2	2	54	NA	45	51	0.5	5	35	5410299	4164593	3688556	110329_SN350_0010_B81NC1ABXX	GCCAAT	1	Multiplex	2
LT121928RL	LT121928RL	1	0	1	0	3	1	2	2	53	NA	NA	29	0.9	8	NA	3859690	3182953	2823556	110329_SN350_0010_B81NC1ABXX	TGACCA	1	Multiplex	5
LT060406RL	LT060406RL	2	0	0	1	2	1	1	1	76	10.982	50	60	0.5	3	62	5594387	3084074	2536551	110329_SN350_0010_B81NC1ABXX	TTAGGC	1	Multiplex	1
LT077264RU	LT077264RU	1	0	1	0	3	1	2	2	73	0.211	NA	110	0.9	1	71	7784030	4936512	4071372	110329_SN350_0010_B81NC1ABXX	ACTTGA	1	Multiplex	5
LT136415RU	LT136415RU	2	0	0	1	2	1	2	2	53	NA	57	16	0.3	6	30	5558245	4309067	3823578	110329_SN350_0010_B81NC1ABXX	ACAGTG	1	Multiplex	3
LT026534RL	LT026534RL	1	0	1	0	3	1	2	2	73	0.121	NA	90	0.8	3	50	6571109	4792873	4229736	110329_SN350_0010_B81NC1ABXX	ATCACG	1	Multiplex	2
LT282562RM	LT282562RM	0	1	0	0	2	1	3	1	71	2.789	165	99	0.7	3	65	5617767	4755529	4349321	110329_SN350_0010_B81NC1ABXX	GATCAG	1	Multiplex	1
LT286300LU	LT286300LU	0	1	0	0	2	1	2	1	45	4.03	0	89	0.8	0	71	5890391	5070319	4727027	110329_SN350_0010_B81NC1ABXX	CGATGT	2	Multiplex	1
LT284144LU	LT284144LU	2	0	0	1	2	1	2	1	60	27.243	45	58	0.4	4	13	4662075	3826242	3391838	110329_SN350_0010_B81NC1ABXX	TAGCTT	2	Multiplex	3
LT055841LL	LT055841LL	1	0	1	0	2	1	2	1	61	0.15	35	67	0.8	1	60	6744493	5184661	4531168	110329_SN350_0010_B81NC1ABXX	CAGATC	2	Multiplex	5
LT053283RU	LT053283RU	2	0	0	1	2	1	2	2	71	28.322	11	28	0.3	3	41	5943253	4938518	4557749	110329_SN350_0010_B81NC1ABXX	GCCAAT	2	Multiplex	1
LT142159RU	LT142159RU	0	1	0	0	2	1	1	2	44	0.172	46	95	0.7	1	77	5121590	3975478	3558429	110329_SN350_0010_B81NC1ABXX	TGACCA	2	Multiplex	1
LT154455RU	LT154455RU	1	0	1	0	2	1	1	2	58	10.048	45	88	0.8	3	34	6774894	4286553	3650019	110329_SN350_0010_B81NC1ABXX	TTAGGC	2	Multiplex	4
LT167891LU	LT167891LU	1	0	1	0	3	1	2	2	45	0.007	NA	74	0.9	1	55	6841576	4216136	3080160	110329_SN350_0010_B81NC1ABXX	ACTTGA	2	Multiplex	2
LT043343LU	LT043343LU	2	0	0	1	2	1	2	2	75	1.216	50	75	0.7	1	82	6463742	4846432	4328738	110329_SN350_0010_B81NC1ABXX	ACAGTG	2	Multiplex	1
LT048637LL	LT048637LL	1	0	1	0	3	1	2	1	64	NA	NA	47	0.9	2	35	5243137	3946084	3393863	110329_SN350_0010_B81NC1ABXX	ATCACG	2	Multiplex	5
LT166565RU	LT166565RU	2	0	0	1	2	1	2	2	66	36.93	68	19	0.3	8	22	5488695	4519124	4069524	110329_SN350_0010_B81NC1ABXX	GATCAG	2	Multiplex	3
LT127070RL	LT127070RL	2	0	0	1	2	1	3	1	69	0.969	100	52	0.6	1	67	7076930	6031681	5406030	110329_SN350_0010_B81NC1ABXX	CGATGT	3	Multiplex	1
LT184347RU	LT184347RU	2	0	0	1	2	1	1	1	82	6.42	75	57	0.4	1	61	5195972	3536143	3004891	110329_SN350_0010_B81NC1ABXX	TAGCTT	3	Multiplex	3
LT253677RL	LT253677RL	1	0	1	0	2	1	2	1	54	0.255	53	77	0.8	2	64	8240834	6226950	5160584	110329_SN350_0010_B81NC1ABXX	CAGATC	3	Multiplex	4
LT036383LL	LT036383LL	1	0	1	0	3	1	2	1	57	NA	NA	69	0.9	1	43	8623164	6142415	5106825	110329_SN350_0010_B81NC1ABXX	GCCAAT	3	Multiplex	4
LT295133LL	LT295133LL	1	0	1	0	3	1	3	2	57	0.356	NA	63	0.8	3	60	7794583	5353720	4292061	110329_SN350_0010_B81NC1ABXX	TGACCA	3	Multiplex	5
LT106561LL	LT106561LL	1	0	1	0	2	1	2	1	57	0.131	0	70	0.8	2	30	9607584	7453338	6448194	110329_SN350_0010_B81NC1ABXX	TTAGGC	3	Multiplex	5
LT256221LL	LT256221LL	0	1	0	0	2	1	1	1	67	0.284	50	103	0.7	1	60	6527859	5687785	5024793	110329_SN350_0010_B81NC1ABXX	ACTTGA	3	Multiplex	1
LT172093RL	LT172093RL	2	0	0	1	2	1	1	1	52	2.208	70	50	0.5	4	49	3537895	2912403	2612083	110329_SN350_0010_B81NC1ABXX	ACAGTG	3	Multiplex	1
LT180102RL	LT180102RL	0	1	0	0	2	1	1	1	72	0.313	84	106	0.7	2	60	7887932	6712574	6029739	110329_SN350_0010_B81NC1ABXX	ATCACG	3	Multiplex	2
LT196199RU	LT196199RU	2	0	0	1	2	1	1	1	82	25.986	60	42	0.4	2	53	8884775	7136706	6338312	110329_SN350_0010_B81NC1ABXX	GATCAG	3	Multiplex	3
LT000379LU	LT000379LU	1	0	1	0	2	1	2	1	63	NA	49	67	0.8	4	42	10210336	8334792	7215731	110329_SN350_0010_B81NC1ABXX	CGATGT	4	Multiplex	4
LT058691LU	LT058691LU	2	0	0	1	2	1	1	1	69	23.719	50	22	0.3	6	22	4205131	3218780	2796267	110329_SN350_0010_B81NC1ABXX	TAGCTT	4	Multiplex	3
LT130546RU	LT130546RU	1	0	1	0	3	1	2	2	51	NA	NA	30	0.4	5	78	9612613	6271806	4526945	110329_SN350_0010_B81NC1ABXX	CAGATC	4	Multiplex	2
LT206871LU	LT206871LU	1	0	1	0	2	1	3	1	67	0.633	25	76	0.7	0	104	5781905	4360643	3796323	110329_SN350_0010_B81NC1ABXX	GCCAAT	4	Multiplex	2
LT096430LU	LT096430LU	0	1	0	0	2	1	2	1	64	0.208	4	86	0.8	0	72	2191875	1411753	1162843	110329_SN350_0010_B81NC1ABXX	TGACCA	4	Multiplex	1
LT144462RU	LT144462RU	2	0	0	1	2	1	2	2	73	7.241	38	69	0.6	0	64	9993236	7628152	6688008	110329_SN350_0010_B81NC1ABXX	TTAGGC	4	Multiplex	1
LT047152LL	LT047152LL	1	0	1	0	2	1	2	2	62	NA	40	42	0.9	6	32	13431163	11201933	9232808	110329_SN350_0010_B81NC1ABXX	ACTTGA	4	Multiplex	5
LT109231RU	LT109231RU	2	0	0	1	3	1	1	1	78	0.634	NA	66	0.6	6	77	8472546	6619597	5752620	110329_SN350_0010_B81NC1ABXX	ACAGTG	4	Multiplex	1
LT173597LL	LT173597LL	0	1	0	0	2	1	2	1	75	0.068	57	90	0.7	0	72	9571921	6196397	4815850	110329_SN350_0010_B81NC1ABXX	ATCACG	4	Multiplex	1
LT285906LL	LT285906LL	2	0	0	1	2	1	2	2	61	12.682	80	45	0.5	2	54	3205929	2664674	2391093	110329_SN350_0010_B81NC1ABXX	GATCAG	4	Multiplex	1
LT075462RU	LT075462RU	2	0	0	1	2	1	1	2	71	19.953	15	37	0.5	3	57	8156976	6934142	6433300	110329_SN350_0010_B81NC1ABXX	CGATGT	5	Multiplex	1
LT016556LU	LT016556LU	2	0	0	1	NA	1	NA	1	71	2.233	NA	68	0.6	4	54	7142519	5127535	4494268	110329_SN350_0010_B81NC1ABXX	TAGCTT	5	Multiplex	1
LT171097RL	LT171097RL	0	1	0	0	3	1	1	1	34	NA	NA	110	0.8	0	87	6431824	5682528	5301849	110329_SN350_0010_B81NC1ABXX	CAGATC	5	Multiplex	1
LT297451LU	LT297451LU	1	0	1	0	3	1	2	2	71	NA	NA	99	0.8	2	87	6303952	5009338	4571062	110329_SN350_0010_B81NC1ABXX	GCCAAT	5	Multiplex	1
LT120371LL	LT120371LL	0	1	0	0	2	1	3	1	60	0.33	8	86	0.8	0	70	7544619	6732328	6136329	110329_SN350_0010_B81NC1ABXX	TGACCA	5	Multiplex	2
LT076421LL	LT076421LL	1	0	1	0	3	1	2	2	70	0.015	NA	76	0.8	3	52	7369757	4692808	4098228	110329_SN350_0010_B81NC1ABXX	TTAGGC	5	Multiplex	2
LT285671LU	LT285671LU	1	0	1	0	3	1	2	2	57	NA	NA	39	0.5	3	83	7039111	5809831	5306367	110329_SN350_0010_B81NC1ABXX	ACTTGA	5	Multiplex	2
LT076617LL	LT076617LL	2	0	0	1	3	1	3	2	60	0.308	NA	78	0.7	0	108	6402585	4696489	4206297	110329_SN350_0010_B81NC1ABXX	ACAGTG	5	Multiplex	2
LT236519LL	LT236519LL	1	0	1	0	2	2	2	2	51	0.02	10	80	0.8	3	87	8057624	4337196	3303959	110329_SN350_0010_B81NC1ABXX	ATCACG	5	Multiplex	2
LT012861RU	LT012861RU	2	0	0	1	2	1	2	1	51	6.232	116	22	0.3	7	33	6547490	5788516	5324066	110329_SN350_0010_B81NC1ABXX	GATCAG	5	Multiplex	1
LT196309RL	LT196309RL	1	0	1	0	2	1	2	1	63	0.286	40	71	0.9	0	32	7217610	5812628	5238819	110329_SN350_0010_B81NC1ABXX	CGATGT	6	Multiplex	2
LT006946RM	LT006946RM	1	0	1	0	3	1	2	1	68	NA	NA	66	0.9	2	69	5891434	5041716	4643747	110329_SN350_0010_B81NC1ABXX	TAGCTT	6	Multiplex	1
LT007392RU	LT007392RU	2	0	0	1	2	1	2	1	46	NA	45	46	0.5	5	45	7669533	6636362	6018574	110329_SN350_0010_B81NC1ABXX	CAGATC	6	Multiplex	4
LT005419RU	LT005419RU	2	0	0	1	2	1	3	1	70	4.343	43	78	0.6	0	NA	7524515	5209432	4603078	110329_SN350_0010_B81NC1ABXX	GCCAAT	6	Multiplex	2
LT206010LU	LT206010LU	2	0	0	1	2	1	3	1	74	0.48	60	63	0.7	3	67	6558995	5895489	5449776	110329_SN350_0010_B81NC1ABXX	TGACCA	6	Multiplex	1
LT078347LL	LT078347LL	0	1	0	0	2	1	2	2	45	0.032	2	74	0.8	0	99	7066278	4522347	3940314	110329_SN350_0010_B81NC1ABXX	TTAGGC	6	Multiplex	1
LT213352LU	LT213352LU	2	0	0	1	2	1	3	1	72	0.352	16	70	0.7	0	101	7042633	5998754	5543726	110329_SN350_0010_B81NC1ABXX	ACTTGA	6	Multiplex	1
LT277811RL	LT277811RL	1	0	1	0	2	1	2	1	82	3.623	50	104	0.8	3	50	7062714	4059899	3193637	110329_SN350_0010_B81NC1ABXX	ACAGTG	6	Multiplex	5
LT071706RL	LT071706RL	1	0	1	0	2	1	2	1	62	0.605	32	46	0.9	5	11	8173334	7358147	6511418	110329_SN350_0010_B81NC1ABXX	ATCACG	6	Multiplex	5
LT141224LL	LT141224LL	0	1	0	0	3	1	3	2	79	0.061	NA	106	0.8	4	75	6219068	5802421	5423724	110329_SN350_0010_B81NC1ABXX	GATCAG	6	Multiplex	2
LT248906LL	LT248906LL	1	0	1	0	2	1	2	2	61	0.075	1	54	0.8	4	35	6909226	5377576	4818064	110329_SN350_0010_B81NC1ABXX	CGATGT	7	Multiplex	5
LT197511LU	LT197511LU	2	0	0	1	2	1	1	2	82	30.545	38	58	0.4	4	28	8027003	5805426	4999907	110329_SN350_0010_B81NC1ABXX	TAGCTT	7	Multiplex	1
LT242161RL	LT242161RL	1	0	1	0	3	1	2	2	60	NA	NA	77	0.9	0	NA	8388501	6123081	5460963	110329_SN350_0010_B81NC1ABXX	CAGATC	7	Multiplex	2
LT106519RL	LT106519RL	0	1	0	0	2	1	3	2	44	0.119	7	76	0.8	0	79	9523010	7389873	6513754	110329_SN350_0010_B81NC1ABXX	GCCAAT	7	Multiplex	2
LT0249481LU	LT0249481LU	1	0	1	0	1	4	2	1	65	0.891	30	74	0.9	0	51	2751301	2149125	1941660	110329_SN350_0010_B81NC1ABXX	TGACCA	7	Multiplex	2
LT150981RU	LT150981RU	2	0	0	1	2	1	1	2	57	0.469	29	62	0.7	2	69	8404354	3951458	3042008	110329_SN350_0010_B81NC1ABXX	TTAGGC	7	Multiplex	1
LT180758RM	LT180758RM	1	0	1	0	2	1	2	1	58	3.719	75	82	0.7	0	58	7871338	6063717	5395359	110329_SN350_0010_B81NC1ABXX	ACTTGA	7	Multiplex	5
LT076181LI	LT076181LI	2	0	0	1	2	1	1	1	48	1.121	38	NA	NA	0	86	9060123	7493111	6850648	110329_SN350_0010_B81NC1ABXX	ACAGTG	7	Multiplex	4
LT062121LL	LT062121LL	1	0	1	0	2	1	2	2	40	NA	3	87	0.8	0	NA	7196953	4470924	3655316	110329_SN350_0010_B81NC1ABXX	ATCACG	7	Multiplex	4
LT037710RU	LT037710RU	2	0	0	1	2	1	2	2	49	42.618	18	28	0.3	6	35	4785995	3714403	3333816	110329_SN350_0010_B81NC1ABXX	GATCAG	7	Multiplex	1
LT246994RU	LT246994RU	0	1	0	0	3	1	2	1	43	NA	NA	90	0.8	0	NA	7931627	4940853	4089396	110329_SN350_0010_B81NC1ABXX	CGATGT	8	Multiplex	2
LT165114RU	LT165114RU	2	0	0	1	2	1	1	1	72	1.778	50	24	0.4	8	48	8624693	6816368	6086689	110329_SN350_0010_B81NC1ABXX	TAGCTT	8	Multiplex	4
LT288719RL	LT288719RL	1	0	1	0	3	1	2	1	80	0.182	NA	91	0.9	0	67	9239027	7434701	6744211	110329_SN350_0010_B81NC1ABXX	CAGATC	8	Multiplex	2
LT280646RU	LT280646RU	0	1	0	0	2	1	2	1	87	NA	50	129	0.7	0	NA	2198632	1863547	1715321	110329_SN350_0010_B81NC1ABXX	GCCAAT	8	Multiplex	1
LT012933RL	LT012933RL	1	0	1	0	2	1	2	2	68	NA	1	90	0.8	0	95	9253426	6560367	5745238	110329_SN350_0010_B81NC1ABXX	TGACCA	8	Multiplex	2
LT032411RU	LT032411RU	2	0	0	1	2	1	3	1	91	5.781	60	102	0.6	1	76	7970870	5233297	4442132	110329_SN350_0010_B81NC1ABXX	ACTTGA	8	Multiplex	1
LT087826LL	LT087826LL	1	0	1	0	3	1	2	1	66	NA	NA	51	0.8	3	41	9980650	6830437	5628850	110329_SN350_0010_B81NC1ABXX	ACAGTG	8	Multiplex	4
LT118064RL	LT118064RL	2	0	0	1	1	1	1	2	64	0.777	30	59	0.6	1	55	6566624	4158754	3349402	110329_SN350_0010_B81NC1ABXX	ATCACG	8	Multiplex	3
LT125521LL	LT125521LL	1	0	1	0	3	5	2	1	40	NA	NA	53	0.8	1	36	5905442	4856372	4266962	110329_SN350_0010_B81NC1ABXX	GATCAG	8	Multiplex	5
LT062141RL	LT062141RL	1	0	1	0	2	1	2	1	72	2.436	5	83	0.7	0	59	1792117	1454173	1327042	110413_SN350_0011_B81PR9ABXX	CGATGT	1	Multiplex	1
LT030151RU	LT030151RU	2	0	0	1	1	1	3	1	71	11.616	25	60	0.4	1	48	1842967	1456733	1322792	110413_SN350_0011_B81PR9ABXX	TAGCTT	1	Multiplex	1
LT119682RL	LT119682RL	0	1	0	0	3	1	2	1	70	NA	NA	109	0.8	0	122	1957924	1700713	1586828	110413_SN350_0011_B81PR9ABXX	GGCTAC	1	Multiplex	1
LT273284LL	LT273284LL	2	0	0	1	2	1	1	1	68	2.238	54	60	0.5	1	71	2069073	1196090	962437	110413_SN350_0011_B81PR9ABXX	CAGATC	1	Multiplex	2
LT233821RL	LT233821RL	2	0	0	1	2	1	3	2	68	37.893	10	40	0.4	4	41	1603298	1414032	1319304	110413_SN350_0011_B81PR9ABXX	GCCAAT	1	Multiplex	4
LT017811RM	LT017811RM	0	1	0	0	2	1	3	1	73	0.228	150	85	0.7	0	78	1592871	1117100	938717	110413_SN350_0011_B81PR9ABXX	TGACCA	1	Multiplex	5
LT108067RU	LT108067RU	2	0	0	1	2	1	2	1	64	29.937	44	17	0.2	5	31	1856840	1596567	1487890	110413_SN350_0011_B81PR9ABXX	ACTTGA	1	Multiplex	2
LT089958RL	LT089958RL	1	0	1	0	2	1	2	1	69	0.289	36	81	0.8	0	NA	1638618	1137456	954569	110413_SN350_0011_B81PR9ABXX	ACAGTG	1	Multiplex	2
LT259072LU	LT259072LU	1	0	1	0	2	1	3	2	66	0.055	25	75	0.8	2	93	1315214	1103707	995239	110413_SN350_0011_B81PR9ABXX	ATCACG	1	Multiplex	1
LT166111RU	LT166111RU	1	0	1	0	NA	1	NA	1	77	NA	NA	95	0.8	3	51	6805572	5647867	5119495	110413_SN350_0011_B81PR9ABXX	GATCAG	1	Multiplex	5
LT139691RU	LT139691RU	2	0	0	1	2	1	2	2	62	NA	20	17	0.2	8	NA	10489582	8477017	7659050	110413_SN350_0011_B81PR9ABXX	CGATGT	2	Multiplex	2
LT096554LU	LT096554LU	2	0	0	1	NA	1	NA	2	57	NA	NA	76	0.6	4	NA	4663555	3742228	3470115	110413_SN350_0011_B81PR9ABXX	TAGCTT	2	Multiplex	2
LT017275LL	LT017275LL	2	0	0	1	2	1	3	2	71	15.742	38	31	0.3	6	50	12683203	7303319	5719171	110413_SN350_0011_B81PR9ABXX	GGCTAC	2	Multiplex	2
LT079487LL	LT079487LL	0	1	0	0	3	1	1	2	60	NA	NA	92	0.7	0	81	9808417	7006687	6212550	110413_SN350_0011_B81PR9ABXX	CAGATC	2	Multiplex	5
LT142933RU	LT142933RU	1	0	1	0	2	1	2	1	71	0.08	80	71	0.8	0	39	9814450	6864420	6173729	110413_SN350_0011_B81PR9ABXX	GCCAAT	2	Multiplex	1
LT024857LU	LT024857LU	1	0	1	0	2	1	2	1	55	0.443	40	94	0.8	0	58	10337418	6517076	5360980	110413_SN350_0011_B81PR9ABXX	TGACCA	2	Multiplex	4
LT222755RL	LT222755RL	0	1	0	0	2	1	2	1	78	2.513	40	99	0.7	0	NA	8022410	6327943	5763063	110413_SN350_0011_B81PR9ABXX	ACTTGA	2	Multiplex	3
LT072789RU	LT072789RU	1	0	1	0	3	1	2	2	77	0.347	NA	91	1	2	40	8103335	4931817	4194974	110413_SN350_0011_B81PR9ABXX	ACAGTG	2	Multiplex	2
LT197381LI	LT197381LI	1	0	1	0	3	1	2	2	67	NA	NA	89	0.8	0	86	6874702	3684471	2916776	110413_SN350_0011_B81PR9ABXX	ATCACG	2	Multiplex	1
LT262371RM	LT262371RM	2	0	0	1	2	1	3	1	68	3.915	198	48	0.4	2	58	9472712	6677500	5844416	110413_SN350_0011_B81PR9ABXX	GATCAG	2	Multiplex	4
LT264283RL	LT264283RL	1	0	1	0	NA	1	NA	1	72	NA	NA	78	0.7	3	53	11899825	10035780	9010057	110413_SN350_0011_B81PR9ABXX	CGATGT	3	Multiplex	5
LT190004RU	LT190004RU	2	0	0	1	2	1	3	2	57	4.208	30	61	0.6	1	43	9048495	4945189	4072624	110413_SN350_0011_B81PR9ABXX	TAGCTT	3	Multiplex	2
LT045399RL	LT045399RL	0	1	0	0	3	1	1	1	69	2.544	NA	98	0.8	0	88	8358010	6680620	5875378	110413_SN350_0011_B81PR9ABXX	GGCTAC	3	Multiplex	1
LT177521RU	LT177521RU	0	1	0	0	2	1	3	1	60	0.151	60	88	0.8	0	79	4204206	3608302	3287782	110413_SN350_0011_B81PR9ABXX	CAGATC	3	Multiplex	1
LT158795LL	LT158795LL	1	0	1	0	3	4	2	1	62	0.012	NA	49	0.9	5	38	12306337	8106969	6557018	110413_SN350_0011_B81PR9ABXX	GCCAAT	3	Multiplex	2
LT083759RL	LT083759RL	2	0	0	1	2	1	1	1	73	1.454	120	69	0.5	2	53	14398518	12341866	10881534	110413_SN350_0011_B81PR9ABXX	TGACCA	3	Multiplex	5
LT280851LL	LT280851LL	1	0	1	0	3	1	2	2	65	0.174	NA	66	0.9	4	33	8795156	5800630	4936842	110413_SN350_0011_B81PR9ABXX	ACTTGA	3	Multiplex	2
LT235441RL	LT235441RL	1	0	1	0	2	1	2	2	69	2.073	8	85	0.8	3	50	10045865	8336284	7652565	110413_SN350_0011_B81PR9ABXX	ACAGTG	3	Multiplex	2
LT169564RU	LT169564RU	2	0	0	1	2	1	3	1	59	0.233	30	92	0.7	0	112	7660033	5687196	4947049	110413_SN350_0011_B81PR9ABXX	ATCACG	3	Multiplex	1
LT126293RU	LT126293RU	2	0	0	1	2	1	2	1	57	NA	40	84	0.6	2	72	7069122	6458521	6093075	110413_SN350_0011_B81PR9ABXX	GATCAG	3	Multiplex	2
LT084808LU	LT084808LU	2	0	0	1	1	1	1	2	67	9.647	100	63	0.5	3	54	9975819	8613792	7921192	110413_SN350_0011_B81PR9ABXX	CGATGT	4	Multiplex	1
LT191618LU	LT191618LU	1	0	1	0	2	1	2	1	61	0.033	19	64	0.8	1	47	6958339	6183485	5654773	110413_SN350_0011_B81PR9ABXX	TAGCTT	4	Multiplex	1
LT157856LU	LT157856LU	1	0	1	0	2	1	3	2	42	0.038	27	75	0.8	1	108	10282699	8510924	7146145	110413_SN350_0011_B81PR9ABXX	GGCTAC	4	Multiplex	2
LT055396LU	LT055396LU	0	1	0	0	3	1	NA	1	27	NA	NA	92	0.9	0	93	9390229	7752287	6935303	110413_SN350_0011_B81PR9ABXX	CAGATC	4	Multiplex	2
LT205707LL	LT205707LL	1	0	1	0	2	1	2	2	44	0.111	50	73	0.8	1	52	9784152	7848135	6987633	110413_SN350_0011_B81PR9ABXX	GCCAAT	4	Multiplex	5
LT028264RL	LT028264RL	0	1	0	0	1	3	1	2	63	NA	45	85	0.8	3	45	7855569	5333267	4551175	110413_SN350_0011_B81PR9ABXX	TGACCA	4	Multiplex	3
LT157177RU	LT157177RU	2	0	0	1	2	1	1	1	59	0.478	75	60	0.7	3	NA	9441919	6292495	5315449	110413_SN350_0011_B81PR9ABXX	ACTTGA	4	Multiplex	5
LT059224RL	LT059224RL	2	0	0	1	2	1	3	1	77	0.444	30	113	0.8	1	73	9047655	6658627	5579699	110413_SN350_0011_B81PR9ABXX	ACAGTG	4	Multiplex	5
LT223106RU	LT223106RU	2	0	0	1	2	1	2	2	48	47.499	50	14	0.2	8	37	8218503	5530788	4744864	110413_SN350_0011_B81PR9ABXX	ATCACG	4	Multiplex	1
LT251693LL	LT251693LL	1	0	1	0	3	1	2	2	59	0.041	NA	62	0.8	4	80	9936431	8439672	7707256	110413_SN350_0011_B81PR9ABXX	GATCAG	4	Multiplex	1
LT197821RL	LT197821RL	0	1	0	0	2	1	2	1	67	0.821	63	88	0.8	0	61	9709204	7750210	6949100	110413_SN350_0011_B81PR9ABXX	CGATGT	5	Multiplex	2
LT277036RU	LT277036RU	2	0	0	1	2	1	2	1	50	NA	47	17	0.3	7	57	8824832	5050702	3986263	110413_SN350_0011_B81PR9ABXX	TAGCTT	5	Multiplex	2
LT130603LL	LT130603LL	1	0	1	0	2	1	2	1	63	NA	56	56	0.8	4	61	2162783	1292424	1042324	110413_SN350_0011_B81PR9ABXX	GGCTAC	5	Multiplex	3
LT013743LL	LT013743LL	1	0	1	0	2	1	2	2	65	1.247	53	80	0.7	3	73	8159808	6866036	6249863	110413_SN350_0011_B81PR9ABXX	CAGATC	5	Multiplex	1
LT243794RL	LT243794RL	1	0	1	0	3	1	2	2	52	0.089	NA	77	0.8	0	64	7457947	5232763	4466101	110413_SN350_0011_B81PR9ABXX	GCCAAT	5	Multiplex	3
LT184772RL	LT184772RL	2	0	0	1	1	1	1	1	71	0.04	120	78	0.7	0	60	8866627	5429617	4142951	110413_SN350_0011_B81PR9ABXX	TGACCA	5	Multiplex	3
LT91552LL	LT91552LL	1	0	1	0	2	1	1	1	72	NA	15	60	0.9	3	52	8283912	6988707	6386448	110413_SN350_0011_B81PR9ABXX	ACTTGA	5	Multiplex	1
LT122336LU	LT122336LU	2	0	0	1	2	1	1	1	66	8.756	68	50	0.5	3	77	9809285	7627699	6790627	110413_SN350_0011_B81PR9ABXX	ACAGTG	5	Multiplex	3
LT220968RU	LT220968RU	2	0	0	1	2	1	1	2	67	0.795	10	65	0.6	0	94	10836862	8888158	8027223	110413_SN350_0011_B81PR9ABXX	ATCACG	5	Multiplex	1
LT141870LU	LT141870LU	0	1	0	0	2	1	2	1	64	0.07	96	75	0.7	0	65	4230246	3207985	2809748	110413_SN350_0011_B81PR9ABXX	GATCAG	5	Multiplex	1
LT168204LL	LT168204LL	2	0	0	1	3	1	2	1	73	NA	NA	118	0.9	3	54	8324063	6312144	5553694	110413_SN350_0011_B81PR9ABXX	TAGCTT	6	Multiplex	3
LT028044RU	LT028044RU	2	0	0	1	2	1	3	1	77	13.886	212	35	0.3	7	NA	8724305	6577211	5703670	110413_SN350_0011_B81PR9ABXX	GGCTAC	6	Multiplex	5
LT077800RU	LT077800RU	0	1	0	0	3	1	2	2	77	0.026	NA	84	0.7	0	74	7587790	4995040	4164450	110413_SN350_0011_B81PR9ABXX	CAGATC	6	Multiplex	2
LT123313RM	LT123313RM	0	1	0	0	3	1	1	2	56	0.09	NA	106	0.9	0	88	7717566	4470593	3594395	110413_SN350_0011_B81PR9ABXX	GCCAAT	6	Multiplex	5
LT296771LL	LT296771LL	1	0	1	0	2	1	2	1	62	NA	20	50	0.8	8	15	6809133	5374087	4681981	110413_SN350_0011_B81PR9ABXX	TGACCA	6	Multiplex	2
LT234205RL	LT234205RL	1	0	1	0	3	1	2	1	59	0.041	NA	66	0.8	0	NA	13543841	8205942	6489842	110413_SN350_0011_B81PR9ABXX	ACTTGA	6	Multiplex	5
LT066309LL	LT066309LL	1	0	1	0	1	1	2	1	48	0.102	23	79	0.8	2	62	7190911	4397020	3605825	110413_SN350_0011_B81PR9ABXX	ACAGTG	6	Multiplex	5
LT111643RU	LT111643RU	2	0	0	1	2	1	2	1	75	8.162	60	34	0.3	4	NA	3937270	2916429	2527125	110413_SN350_0011_B81PR9ABXX	ATCACG	6	Multiplex	1
LT184901RU	LT184901RU	2	0	0	1	2	1	2	1	28	26.183	0	22	0.3	5	70	3435076	1730749	1319684	110413_SN350_0011_B81PR9ABXX	GATCAG	6	Multiplex	2
LT072387LU	LT072387LU	2	0	0	1	2	1	2	1	54	45.599	76	25	0.4	5	39	9011126	7559446	7060989	110413_SN350_0011_B81PR9ABXX	CGATGT	7	Multiplex	1
LT258372RL	LT258372RL	1	0	1	0	2	1	2	1	64	NA	40	55	0.9	5	NA	11884773	7521278	6354256	110413_SN350_0011_B81PR9ABXX	TAGCTT	7	Multiplex	3
LT230415RU	LT230415RU	2	0	0	1	2	1	1	2	73	20.112	48	81	0.6	0	42	5010403	4147694	3830211	110413_SN350_0011_B81PR9ABXX	GGCTAC	7	Multiplex	2
LT203446LL	LT203446LL	1	0	1	0	3	3	3	2	35	0.01	NA	68	0.9	3	62	8863763	6701757	6089177	110413_SN350_0011_B81PR9ABXX	CAGATC	7	Multiplex	1
LT044225RL	LT044225RL	0	1	0	0	2	1	NA	1	60	NA	11	96	0.7	3	102	10211975	7497727	6734155	110413_SN350_0011_B81PR9ABXX	GCCAAT	7	Multiplex	5
LT253371RL	LT253371RL	1	0	1	0	3	1	2	2	51	NA	NA	43	1	6	NA	17459337	11874054	10553287	110413_SN350_0011_B81PR9ABXX	TGACCA	7	Multiplex	2
LT095342LU	LT095342LU	2	0	0	1	2	1	2	1	60	NA	19	42	0.5	2	NA	10424269	8477643	8002684	110413_SN350_0011_B81PR9ABXX	ACTTGA	7	Multiplex	5
LT067200LU	LT067200LU	1	0	1	0	3	1	2	1	66	0.051	NA	63	0.8	3	46	7142994	5248761	4636506	110413_SN350_0011_B81PR9ABXX	ACAGTG	7	Multiplex	5
LT041389RL	LT041389RL	2	0	0	1	1	3	3	1	45	48.268	24	35	0.7	6	43	3602326	2796022	2515572	110413_SN350_0011_B81PR9ABXX	ATCACG	7	Multiplex	2
LT121014LL	LT121014LL	1	0	1	0	3	1	2	1	60	0.065	NA	78	0.9	1	34	7430735	5747943	5344512	110413_SN350_0011_B81PR9ABXX	GATCAG	7	Multiplex	3
LT213735RU	LT213735RU	2	0	0	1	2	1	2	1	76	NA	14	63	0.5	1	51	8397584	6124807	5488860	110413_SN350_0011_B81PR9ABXX	CGATGT	8	Multiplex	2
LT024967LU	LT024967LU	2	0	0	1	2	1	3	2	54	0.14	23	64	0.6	2	82	12496563	7609697	6325019	110413_SN350_0011_B81PR9ABXX	TAGCTT	8	Multiplex	1
LT271100LU	LT271100LU	2	0	0	1	2	1	3	2	78	13.525	50	86	0.6	3	47	8645968	6568964	5853855	110413_SN350_0011_B81PR9ABXX	GGCTAC	8	Multiplex	2
LT021461RM	LT021461RM	1	0	1	0	3	1	2	2	76	0.353	NA	64	0.9	7	31	8321564	4741792	3889047	110413_SN350_0011_B81PR9ABXX	CAGATC	8	Multiplex	3
LT063974LL	LT063974LL	1	0	1	0	2	1	2	2	58	NA	24	42	0.9	7	26	9785164	7786656	7066391	110413_SN350_0011_B81PR9ABXX	GCCAAT	8	Multiplex	1
LT286644RL	LT286644RL	1	0	1	0	3	1	2	2	77	0.5	NA	109	0.8	1	64	9780004	7617074	6844281	110413_SN350_0011_B81PR9ABXX	TGACCA	8	Multiplex	2
LT056024RL	LT056024RL	1	0	1	0	2	1	2	2	66	0.879	8	86	0.8	4	52	11547396	9566336	8721222	110413_SN350_0011_B81PR9ABXX	ACTTGA	8	Multiplex	1
LT102131RL	LT102131RL	0	1	0	0	3	1	1	2	66	0.172	NA	105	0.8	0	71	5266781	3044964	2313724	110413_SN350_0011_B81PR9ABXX	ACAGTG	8	Multiplex	2
LT028427LU	LT028427LU	2	0	0	1	2	1	1	2	64	41.766	42	27	0.3	6	31	8851172	6559174	5840772	110413_SN350_0011_B81PR9ABXX	ATCACG	8	Multiplex	1
LT205601LL	LT205601LL	1	0	1	0	2	1	2	1	56	0.141	30	58	0.9	2	39	2274950	1259916	1017227	110413_SN350_0011_B81PR9ABXX	GATCAG	8	Multiplex	5
LT221782LL	LT221782LL	1	0	1	0	2	1	2	2	64	0.282	27	43	0.8	3	33	5723432	4355117	3826434	110715_SN350_0048_B81NENABXX	CGATGT	1	Multiplex	5
LT139051LU	LT139051LU	2	0	0	1	2	1	2	1	77	7.57	150	99	0.6	2	34	12381289	9794674	8614952	110715_SN350_0048_B81NENABXX	TAGCTT	1	Multiplex	5
LT131887LL	LT131887LL	1	0	1	0	2	1	2	1	55	NA	44	51	0.9	4	29	6385944	5302657	4807772	110715_SN350_0048_B81NENABXX	GGCTAC	1	Multiplex	4
LT043798LU	LT043798LU	2	0	0	1	2	1	3	2	59	6.392	18	61	0.6	1	61	5118977	2761051	2137144	110715_SN350_0048_B81NENABXX	TGACCA	1	Multiplex	5
LT100654RL	LT100654RL	1	0	1	0	2	1	NA	1	52	NA	42	60	0.8	4	55	4309196	3008274	2658686	110715_SN350_0048_B81NENABXX	GCCAAT	1	Multiplex	2
LT230142RL	LT230142RL	1	0	1	0	2	1	2	1	72	NA	24	78	0.8	1	41	9195130	7403063	6609879	110715_SN350_0048_B81NENABXX	CAGATC	1	Multiplex	1
LT216500LU	LT216500LU	0	1	0	0	3	1	NA	2	74	NA	35	98	0.7	1	72	7438364	5189090	4473776	110715_SN350_0048_B81NENABXX	ACTTGA	1	Multiplex	2
LT001098RU	LT001098RU	2	0	0	1	2	1	2	2	46	40.906	35	24	0.3	7	34	6033857	5042028	4585725	110715_SN350_0048_B81NENABXX	ACAGTG	1	Multiplex	4
LT021748RL	LT021748RL	1	0	1	0	2	1	2	1	61	1.187	18	89	0.7	2	51	4697354	3549237	3128987	110715_SN350_0048_B81NENABXX	ATCACG	1	Multiplex	5
LT243058RU	LT243058RU	2	0	0	1	2	1	2	1	54	17.29	42	24	0.4	5	33	7993613	6634495	5999093	110715_SN350_0048_B81NENABXX	GATCAG	1	Multiplex	3
LT196677RU	LT196677RU	2	0	0	1	2	1	2	2	66	NA	32	16	0.3	9	32	5975009	5223277	4816486	110715_SN350_0048_B81NENABXX	CGATGT	2	Multiplex	1
LT269381RU	LT269381RU	1	0	1	0	3	1	2	2	50	0.012	NA	54	0.8	2	46	6104275	3575846	3000836	110715_SN350_0048_B81NENABXX	TAGCTT	2	Multiplex	2
LT222702LL	LT222702LL	1	0	1	0	2	1	2	2	59	0.042	7	73	0.8	1	42	8759666	6491336	5184709	110715_SN350_0048_B81NENABXX	GGCTAC	2	Multiplex	2
LT178967RL	LT178967RL	2	0	0	1	2	1	2	2	72	11.759	38	72	0.6	0	52	6275884	3855934	3155799	110715_SN350_0048_B81NENABXX	TGACCA	2	Multiplex	1
LT022251RL	LT022251RL	1	0	1	0	2	1	2	1	55	2.471	25	55	1	7	16	6962831	6304910	5924569	110715_SN350_0048_B81NENABXX	GCCAAT	2	Multiplex	2
LT282601LL	LT282601LL	1	0	1	0	3	3	2	2	60	NA	NA	51	0.9	4	31	4141042	3532371	3187114	110715_SN350_0048_B81NENABXX	CAGATC	2	Multiplex	2
LT270821RU	LT270821RU	0	1	0	0	2	1	1	2	60	0.059	37	91	0.7	1	102	5270095	3962909	3510766	110715_SN350_0048_B81NENABXX	ACTTGA	2	Multiplex	1
LT152653LU	LT152653LU	2	0	0	1	2	1	2	1	72	2.203	75	47	0.5	5	70	3900223	2647950	2310413	110715_SN350_0048_B81NENABXX	ACAGTG	2	Multiplex	1
LT249811RU	LT249811RU	2	0	0	1	2	1	1	2	73	4.532	50	53	0.6	1	54	6956377	5498371	4917748	110715_SN350_0048_B81NENABXX	ATCACG	2	Multiplex	1
LT090666LI	LT090666LI	1	0	1	0	3	1	2	1	68	0.313	NA	72	0.7	1	73	3175792	2430678	2109743	110715_SN350_0048_B81NENABXX	GATCAG	2	Multiplex	2
LT274443LU	LT274443LU	2	0	0	1	2	1	2	1	58	29.911	84	36	0.4	9	27	7297899	5971282	5309267	110715_SN350_0048_B81NENABXX	CGATGT	3	Multiplex	3
LT059721LU	LT059721LU	1	0	1	0	2	1	2	1	71	NA	27	65	0.7	0	39	5728215	4532789	4089790	110715_SN350_0048_B81NENABXX	TAGCTT	3	Multiplex	5
LT228772LL	LT228772LL	1	0	1	0	2	1	2	2	50	NA	5	90	0.8	3	91	7998407	6047796	5365044	110715_SN350_0048_B81NENABXX	GGCTAC	3	Multiplex	3
LT160089RU	LT160089RU	2	0	0	1	3	1	3	2	72	1.82	NA	85	0.6	1	71	3135622	2328972	2012294	110715_SN350_0048_B81NENABXX	TGACCA	3	Multiplex	5
LT084038RM	LT084038RM	2	0	0	1	2	3	3	1	67	0.992	113	59	0.6	2	67	8447149	6506711	5793132	110715_SN350_0048_B81NENABXX	GCCAAT	3	Multiplex	1
LT217339RL	LT217339RL	1	0	1	0	3	1	2	1	73	0.782	NA	74	0.9	2	34	5040083	4210239	3836541	110715_SN350_0048_B81NENABXX	CAGATC	3	Multiplex	3
LT253131RU	LT253131RU	2	0	0	1	2	1	1	1	79	6.782	60	44	0.5	5	46	4954106	3978856	3581858	110715_SN350_0048_B81NENABXX	ACTTGA	3	Multiplex	2
LT236557RL	LT236557RL	0	1	0	0	2	1	2	2	72	NA	0	110	0.8	0	68	6433258	4068023	3354963	110715_SN350_0048_B81NENABXX	ACAGTG	3	Multiplex	2
LT118519RL	LT118519RL	1	0	1	0	2	1	2	1	55	0.168	40	76	0.9	3	NA	4381700	3757000	3383754	110715_SN350_0048_B81NENABXX	ATCACG	3	Multiplex	4
LT123131RL	LT123131RL	1	0	1	0	2	1	2	1	67	NA	37	56	0.9	2	34	4822641	3804877	3390348	110715_SN350_0048_B81NENABXX	GATCAG	3	Multiplex	4
LT134776LL	LT134776LL	1	0	1	0	2	1	2	2	62	NA	29	71	0.9	5	61	4400920	3456616	3096467	110715_SN350_0048_B81NENABXX	CGATGT	4	Multiplex	2
LT147658RU	LT147658RU	2	0	0	1	2	1	2	2	57	NA	72	24	0.3	7	36	4384755	3808134	3518547	110715_SN350_0048_B81NENABXX	TAGCTT	4	Multiplex	1
LT199987LU	LT199987LU	1	0	1	0	3	1	2	2	69	NA	NA	94	0.8	3	60	5041862	3651384	3123469	110715_SN350_0048_B81NENABXX	GGCTAC	4	Multiplex	1
LT168094RL	LT168094RL	1	0	1	0	2	NA	2	2	63	NA	29	NA	NA	5	NA	6755031	4535176	3565043	110715_SN350_0048_B81NENABXX	TGACCA	4	Multiplex	4
LT050246RU	LT050246RU	2	0	0	1	2	1	2	2	59	41.014	54	18	0.3	7	27	4591740	3815725	3314657	110715_SN350_0048_B81NENABXX	GCCAAT	4	Multiplex	3
LT046103LU	LT046103LU	2	0	0	1	2	1	2	2	61	NA	18	73	0.7	1	74	4503118	2502269	1918622	110715_SN350_0048_B81NENABXX	CAGATC	4	Multiplex	5
LT022562LL	LT022562LL	1	0	1	0	2	1	2	1	60	NA	7	66	0.9	3	32	11877660	9747414	8380830	110715_SN350_0048_B81NENABXX	ACTTGA	4	Multiplex	5
LT112597RU	LT112597RU	2	0	0	1	2	1	3	1	69	11.524	128	62	0.6	1	70	8176251	6842324	6179444	110715_SN350_0048_B81NENABXX	ACAGTG	4	Multiplex	1
LT290677RU	LT290677RU	0	1	0	0	2	1	NA	1	64	NA	30	81	0.8	3	77	3700748	3096251	2863212	110715_SN350_0048_B81NENABXX	ATCACG	4	Multiplex	1
LT264690LU	LT264690LU	1	0	1	0	2	1	2	1	65	NA	66	81	0.7	1	27	4502716	3764475	3387576	110715_SN350_0048_B81NENABXX	GATCAG	4	Multiplex	5
LT100821RL	LT100821RL	1	0	1	0	2	1	2	1	79	NA	10	74	0.8	1	53	7549306	5226438	4506092	110715_SN350_0048_B81NENABXX	CGATGT	5	Multiplex	2
LT184423LL	LT184423LL	2	0	0	1	2	1	1	2	76	2.025	40	59	0.6	1	87	4381495	3748740	3446993	110715_SN350_0048_B81NENABXX	TAGCTT	5	Multiplex	2
LT188161LL	LT188161LL	1	0	1	0	2	NA	2	2	62	NA	15	NA	NA	1	NA	5607024	4050400	3453667	110715_SN350_0048_B81NENABXX	GGCTAC	5	Multiplex	5
LT148377LU	LT148377LU	2	0	0	1	2	1	2	1	52	NA	35	41	0.5	3	49	4305817	3395758	3039525	110715_SN350_0048_B81NENABXX	TGACCA	5	Multiplex	3
LT070403LL	LT070403LL	2	0	0	1	2	1	1	1	69	2.36	69	48	0.5	3	66	4541608	3195780	2729156	110715_SN350_0048_B81NENABXX	CAGATC	5	Multiplex	2
LT244824RU	LT244824RU	1	0	1	0	2	1	2	2	72	0.142	0	80	0.8	2	41	5043897	2997336	2482342	110715_SN350_0048_B81NENABXX	ACTTGA	5	Multiplex	5
LT158647RU	LT158647RU	2	0	0	1	2	1	2	2	58	56.335	39	23	0.4	8	NA	5188939	4081469	3707960	110715_SN350_0048_B81NENABXX	ACAGTG	5	Multiplex	1
LT195522RU	LT195522RU	1	0	1	0	2	3	2	1	23	NA	6	37	0.9	4	43	6358189	5268805	4849812	110715_SN350_0048_B81NENABXX	ATCACG	5	Multiplex	3
LT111916LL	LT111916LL	1	0	1	0	2	1	2	2	56	NA	1	41	0.6	3	56	3335526	1566854	1164788	110715_SN350_0048_B81NENABXX	GATCAG	5	Multiplex	2
LT059865RU	LT059865RU	2	0	0	1	2	1	2	1	67	29.895	40	35	0.3	5	30	6986627	4579873	3883153	110715_SN350_0048_B81NENABXX	CGATGT	6	Multiplex	1
LT265662LU	LT265662LU	0	1	0	0	3	1	3	1	68	0.491	NA	115	0.8	0	128	6676533	5530908	5103230	110715_SN350_0048_B81NENABXX	TAGCTT	6	Multiplex	1
LT102695LL	LT102695LL	1	0	1	0	2	1	3	2	59	NA	3	73	0.7	0	44	5105037	3931524	3530485	110715_SN350_0048_B81NENABXX	GGCTAC	6	Multiplex	5
LT083491LU	LT083491LU	1	0	1	0	3	1	2	1	56	NA	NA	85	0.8	2	55	6796514	5359014	4798931	110715_SN350_0048_B81NENABXX	TGACCA	6	Multiplex	4
LT229669RU	LT229669RU	2	0	0	1	2	1	2	2	61	NA	38	22	0.3	7	21	6668028	4782789	4174075	110715_SN350_0048_B81NENABXX	GCCAAT	6	Multiplex	1
LT234774LU	LT234774LU	2	0	0	1	2	1	2	1	46	NA	45	46	0.5	5	42	7136552	4712151	3900838	110715_SN350_0048_B81NENABXX	CAGATC	6	Multiplex	4
LT107185RU	LT107185RU	1	0	1	0	NA	1	NA	2	50	NA	NA	103	0.8	3	108	6872482	4101266	3391687	110715_SN350_0048_B81NENABXX	ACAGTG	6	Multiplex	1
LT144769RL	LT144769RL	2	0	0	1	2	1	2	2	60	NA	48	72	0.7	0	115	6430054	4831400	4326298	110715_SN350_0048_B81NENABXX	ATCACG	6	Multiplex	1
LT019699RL	LT019699RL	1	0	1	0	2	1	2	2	64	0.196	30	101	0.8	1	71	5481247	2873294	2252811	110715_SN350_0048_B81NENABXX	GATCAG	6	Multiplex	2
LT159988RL	LT159988RL	2	0	0	1	2	1	2	2	60	44.988	70	16	0.2	8	26	9089506	5751774	4651992	110715_SN350_0048_B81NENABXX	TAGCTT	7	Multiplex	3
LT119300LU	LT119300LU	1	0	1	0	2	3	2	2	54	0.008	0	95	0.8	3	41	6253180	3797372	3020036	110715_SN350_0048_B81NENABXX	GGCTAC	7	Multiplex	2
LT126327LU	LT126327LU	2	0	0	1	2	1	2	1	81	14.249	5	73	0.4	0	91	7907815	6199807	5579624	110715_SN350_0048_B81NENABXX	TGACCA	7	Multiplex	5
LT228897LL	LT228897LL	1	0	1	0	3	1	2	1	63	0.031	NA	70	0.9	0	50	3501854	2735395	2411796	110715_SN350_0048_B81NENABXX	GCCAAT	7	Multiplex	4
LT112491RM	LT112491RM	1	0	1	0	2	1	2	1	60	7.511	70	80	0.8	2	26	8998654	6829558	5812917	110715_SN350_0048_B81NENABXX	CAGATC	7	Multiplex	1
LT238765RL	LT238765RL	2	0	0	1	2	1	1	2	61	6.203	40	50	0.5	3	48	3261050	2138740	1810189	110715_SN350_0048_B81NENABXX	ACAGTG	7	Multiplex	2
LT128191LL	LT128191LL	1	0	1	0	2	1	2	1	62	0.267	30	72	0.8	2	49	7138352	5591274	5101738	110715_SN350_0048_B81NENABXX	ATCACG	7	Multiplex	2
LT221983RM	LT221983RM	0	1	0	0	1	1	3	2	47	0.56	28	99	0.7	0	74	4776400	3378790	2899978	110715_SN350_0048_B81NENABXX	GATCAG	7	Multiplex	3
LT211455LU	LT211455LU	1	0	1	0	3	1	2	1	64	NA	NA	82	0.8	3	67	6891257	4974078	4190952	110715_SN350_0048_B81NENABXX	CGATGT	8	Multiplex	5
LT203541RU	LT203541RU	2	0	0	1	2	1	2	1	68	NA	6	59	0.5	1	70	6490545	4603021	3915201	110715_SN350_0048_B81NENABXX	GGCTAC	8	Multiplex	1
LT195192RL	LT195192RL	1	0	1	0	2	1	2	2	57	0.184	20	42	0.8	5	20	6273615	4102990	3491944	110715_SN350_0048_B81NENABXX	TGACCA	8	Multiplex	2
LT056464LL	LT056464LL	1	0	1	0	3	1	2	1	54	NA	NA	40	0.8	4	25	4910981	4060122	3735661	110715_SN350_0048_B81NENABXX	GCCAAT	8	Multiplex	5
LT271679LU	LT271679LU	2	0	0	1	2	1	3	1	70	3.197	5	35	0.7	7	44	3620048	2935702	2647256	110715_SN350_0048_B81NENABXX	CAGATC	8	Multiplex	5
LT212777RU	LT212777RU	2	0	0	1	2	1	2	1	62	NA	38	18	0.2	5	30	4668839	3643994	3306649	110715_SN350_0048_B81NENABXX	ACTTGA	8	Multiplex	1
LT299181LU	LT299181LU	1	0	1	0	2	1	2	1	63	NA	4	45	0.8	6	55	6585267	4884083	4204148	110715_SN350_0048_B81NENABXX	ACAGTG	8	Multiplex	2
LT167906LL	LT167906LL	1	0	1	0	2	1	2	1	58	NA	5	69	0.9	0	59	5358215	4248775	3680692	110715_SN350_0048_B81NENABXX	GATCAG	8	Multiplex	5
